0.10716 0.00119 5.37639 1.17778 0.73242 0.89395 0.00345 0.00391 -0.00097 -0.00045 2.52219049e+08
0.10716 0.00119 4.70434 1.17778 0.73242 0.89395 0.00345 0.00391 -0.00097 -0.00045 5.52285317e+08
0.10716 0.00119 4.03229 1.17778 0.73242 0.89395 0.00345 0.00391 -0.00097 -0.00045 5.41176925e+08
0.10716 0.00119 3.36025 1.17778 0.73242 0.89395 0.00345 0.00391 -0.00097 -0.00045 4.53596964e+08
0.10716 0.00119 2.68820 1.17778 0.73242 0.89395 0.00345 0.00391 -0.00097 -0.00045 5.44702517e+08
0.10716 0.00119 2.01615 1.17778 0.73242 0.89395 0.00345 0.00391 -0.00097 -0.00045 4.96547511e+08
0.10716 0.00119 1.34410 1.17778 0.73242 0.89395 0.00345 0.00391 -0.00097 -0.00045 5.10789750e+08
0.10716 0.00119 0.67205 1.17778 0.73242 0.89395 0.00345 0.00391 -0.00097 -0.00045 5.11265453e+08
0.10716 0.00119 -0.00000 1.17778 0.73242 0.89395 0.00345 0.00391 -0.00097 -0.00045 5.03262921e+08
0.10716 0.00119 -0.67205 1.17778 0.73242 0.89395 0.00345 0.00391 -0.00097 -0.00045 5.11153509e+08
0.10716 0.00119 -1.34410 1.17778 0.73242 0.89395 0.00345 0.00391 -0.00097 -0.00045 5.09250813e+08
0.10716 0.00119 -2.01615 1.17778 0.73242 0.89395 0.00345 0.00391 -0.00097 -0.00045 4.95204417e+08
0.10716 0.00119 -2.68820 1.17778 0.73242 0.89395 0.00345 0.00391 -0.00097 -0.00045 5.42492033e+08
0.10716 0.00119 -3.36025 1.17778 0.73242 0.89395 0.00345 0.00391 -0.00097 -0.00045 4.52002055e+08
0.10716 0.00119 -4.03229 1.17778 0.73242 0.89395 0.00345 0.00391 -0.00097 -0.00045 5.40617322e+08
0.10716 0.00119 -4.70434 1.17778 0.73242 0.89395 0.00345 0.00391 -0.00097 -0.00045 5.51529812e+08
0.10716 0.00119 -5.37639 1.17778 0.73242 0.89395 0.00345 0.00391 -0.00097 -0.00045 2.51659447e+08
0.10716 0.00119 5.71242 0.58889 0.73242 0.89395 0.00345 0.00391 -0.00097 -0.00045 1.88842514e+08
0.10716 0.00119 5.04037 0.58889 0.73242 0.89395 0.00345 0.00391 -0.00097 -0.00045 6.89727079e+08
0.10716 0.00119 4.36832 0.58889 0.73242 0.89395 0.00345 0.00391 -0.00097 -0.00045 2.28883058e+08
0.10716 0.00119 3.69627 0.58889 0.73242 0.89395 0.00345 0.00391 -0.00097 -0.00045 4.18592977e+08
0.10716 0.00119 3.02422 0.58889 0.73242 0.89395 0.00345 0.00391 -0.00097 -0.00045 3.90276386e+08
0.10716 0.00119 2.35217 0.58889 0.73242 0.89395 0.00345 0.00391 -0.00097 -0.00045 3.44136021e+08
0.10716 0.00119 1.68012 0.58889 0.73242 0.89395 0.00345 0.00391 -0.00097 -0.00045 4.09918928e+08
0.10716 0.00119 1.00807 0.58889 0.73242 0.89395 0.00345 0.00391 -0.00097 -0.00045 3.50907374e+08
0.10716 0.00119 0.33602 0.58889 0.73242 0.89395 0.00345 0.00391 -0.00097 -0.00045 3.85995318e+08
0.10716 0.00119 -0.33602 0.58889 0.73242 0.89395 0.00345 0.00391 -0.00097 -0.00045 3.86387064e+08
0.10716 0.00119 -1.00807 0.58889 0.73242 0.89395 0.00345 0.00391 -0.00097 -0.00045 3.51075260e+08
0.10716 0.00119 -1.68012 0.58889 0.73242 0.89395 0.00345 0.00391 -0.00097 -0.00045 4.11513837e+08
0.10716 0.00119 -2.35217 0.58889 0.73242 0.89395 0.00345 0.00391 -0.00097 -0.00045 3.45339214e+08
0.10716 0.00119 -3.02422 0.58889 0.73242 0.89395 0.00345 0.00391 -0.00097 -0.00045 3.91899281e+08
0.10716 0.00119 -3.69627 0.58889 0.73242 0.89395 0.00345 0.00391 -0.00097 -0.00045 4.19208552e+08
0.10716 0.00119 -4.36832 0.58889 0.73242 0.89395 0.00345 0.00391 -0.00097 -0.00045 2.29162860e+08
0.10716 0.00119 -5.04037 0.58889 0.73242 0.89395 0.00345 0.00391 -0.00097 -0.00045 6.89531177e+08
0.10716 0.00119 -5.71242 0.58889 0.73242 0.89395 0.00345 0.00391 -0.00097 -0.00045 1.88590684e+08
0.10716 0.00119 5.37639 -0.00000 0.73242 0.89395 0.00345 0.00391 -0.00097 -0.00045 4.79591157e+08
0.10716 0.00119 4.70434 -0.00000 0.73242 0.89395 0.00345 0.00391 -0.00097 -0.00045 2.91000473e+08
0.10716 0.00119 4.03229 -0.00000 0.73242 0.89395 0.00345 0.00391 -0.00097 -0.00045 5.77468033e+08
0.10716 0.00119 3.36025 -0.00000 0.73242 0.89395 0.00345 0.00391 -0.00097 -0.00045 3.29026391e+08
0.10716 0.00119 2.68820 -0.00000 0.73242 0.89395 0.00345 0.00391 -0.00097 -0.00045 4.85243275e+08
0.10716 0.00119 2.01615 -0.00000 0.73242 0.89395 0.00345 0.00391 -0.00097 -0.00045 4.13472476e+08
0.10716 0.00119 1.34410 -0.00000 0.73242 0.89395 0.00345 0.00391 -0.00097 -0.00045 4.27267027e+08
0.10716 0.00119 0.67205 -0.00000 0.73242 0.89395 0.00345 0.00391 -0.00097 -0.00045 4.48056761e+08
0.10716 0.00119 -0.00000 -0.00000 0.73242 0.89395 0.00345 0.00391 -0.00097 -0.00045 4.11569779e+08
0.10716 0.00119 -0.67205 -0.00000 0.73242 0.89395 0.00345 0.00391 -0.00097 -0.00045 4.48000818e+08
0.10716 0.00119 -1.34410 -0.00000 0.73242 0.89395 0.00345 0.00391 -0.00097 -0.00045 4.26763367e+08
0.10716 0.00119 -2.01615 -0.00000 0.73242 0.89395 0.00345 0.00391 -0.00097 -0.00045 4.12689015e+08
0.10716 0.00119 -2.68820 -0.00000 0.73242 0.89395 0.00345 0.00391 -0.00097 -0.00045 4.84403841e+08
0.10716 0.00119 -3.36025 -0.00000 0.73242 0.89395 0.00345 0.00391 -0.00097 -0.00045 3.28942462e+08
0.10716 0.00119 -4.03229 -0.00000 0.73242 0.89395 0.00345 0.00391 -0.00097 -0.00045 5.77132260e+08
0.10716 0.00119 -4.70434 -0.00000 0.73242 0.89395 0.00345 0.00391 -0.00097 -0.00045 2.92539410e+08
0.10716 0.00119 -5.37639 -0.00000 0.73242 0.89395 0.00345 0.00391 -0.00097 -0.00045 4.78164134e+08
0.10716 0.00119 5.71242 -0.58889 0.73242 0.89395 0.00345 0.00391 -0.00097 -0.00045 1.56440728e+08
0.10716 0.00119 5.04037 -0.58889 0.73242 0.89395 0.00345 0.00391 -0.00097 -0.00045 5.20862836e+08
0.10716 0.00119 4.36832 -0.58889 0.73242 0.89395 0.00345 0.00391 -0.00097 -0.00045 2.52778682e+08
0.10716 0.00119 3.69627 -0.58889 0.73242 0.89395 0.00345 0.00391 -0.00097 -0.00045 3.34986297e+08
0.10716 0.00119 3.02422 -0.58889 0.73242 0.89395 0.00345 0.00391 -0.00097 -0.00045 3.81378507e+08
0.10716 0.00119 2.35217 -0.58889 0.73242 0.89395 0.00345 0.00391 -0.00097 -0.00045 2.96456718e+08
0.10716 0.00119 1.68012 -0.58889 0.73242 0.89395 0.00345 0.00391 -0.00097 -0.00045 3.68227517e+08
0.10716 0.00119 1.00807 -0.58889 0.73242 0.89395 0.00345 0.00391 -0.00097 -0.00045 3.25416870e+08
0.10716 0.00119 0.33602 -0.58889 0.73242 0.89395 0.00345 0.00391 -0.00097 -0.00045 3.44723639e+08
0.10716 0.00119 -0.33602 -0.58889 0.73242 0.89395 0.00345 0.00391 -0.00097 -0.00045 3.45003440e+08
0.10716 0.00119 -1.00807 -0.58889 0.73242 0.89395 0.00345 0.00391 -0.00097 -0.00045 3.25109083e+08
0.10716 0.00119 -1.68012 -0.58889 0.73242 0.89395 0.00345 0.00391 -0.00097 -0.00045 3.68703191e+08
0.10716 0.00119 -2.35217 -0.58889 0.73242 0.89395 0.00345 0.00391 -0.00097 -0.00045 2.96792491e+08
0.10716 0.00119 -3.02422 -0.58889 0.73242 0.89395 0.00345 0.00391 -0.00097 -0.00045 3.82161968e+08
0.10716 0.00119 -3.69627 -0.58889 0.73242 0.89395 0.00345 0.00391 -0.00097 -0.00045 3.35881702e+08
0.10716 0.00119 -4.36832 -0.58889 0.73242 0.89395 0.00345 0.00391 -0.00097 -0.00045 2.52554823e+08
0.10716 0.00119 -5.04037 -0.58889 0.73242 0.89395 0.00345 0.00391 -0.00097 -0.00045 5.20387191e+08
0.10716 0.00119 -5.71242 -0.58889 0.73242 0.89395 0.00345 0.00391 -0.00097 -0.00045 1.56160926e+08
0.10716 0.00119 5.37639 -1.17778 0.73242 0.89395 0.00345 0.00391 -0.00097 -0.00045 5.58329181e+08
0.10716 0.00119 4.70434 -1.17778 0.73242 0.89395 0.00345 0.00391 -0.00097 -0.00045 4.83424536e+08
0.10716 0.00119 4.03229 -1.17778 0.73242 0.89395 0.00345 0.00391 -0.00097 -0.00045 5.33090493e+08
0.10716 0.00119 3.36025 -1.17778 0.73242 0.89395 0.00345 0.00391 -0.00097 -0.00045 4.78695751e+08
0.10716 0.00119 2.68820 -1.17778 0.73242 0.89395 0.00345 0.00391 -0.00097 -0.00045 4.87929433e+08
0.10716 0.00119 2.01615 -1.17778 0.73242 0.89395 0.00345 0.00391 -0.00097 -0.00045 5.06424754e+08
0.10716 0.00119 1.34410 -1.17778 0.73242 0.89395 0.00345 0.00391 -0.00097 -0.00045 4.84068068e+08
0.10716 0.00119 0.67205 -1.17778 0.73242 0.89395 0.00345 0.00391 -0.00097 -0.00045 4.88405107e+08
0.10716 0.00119 -0.00000 -1.17778 0.73242 0.89395 0.00345 0.00391 -0.00097 -0.00045 4.99681357e+08
0.10716 0.00119 -0.67205 -1.17778 0.73242 0.89395 0.00345 0.00391 -0.00097 -0.00045 4.88628966e+08
0.10716 0.00119 -1.34410 -1.17778 0.73242 0.89395 0.00345 0.00391 -0.00097 -0.00045 4.83788266e+08
0.10716 0.00119 -2.01615 -1.17778 0.73242 0.89395 0.00345 0.00391 -0.00097 -0.00045 5.06704555e+08
0.10716 0.00119 -2.68820 -1.17778 0.73242 0.89395 0.00345 0.00391 -0.00097 -0.00045 4.87873461e+08
0.10716 0.00119 -3.36025 -1.17778 0.73242 0.89395 0.00345 0.00391 -0.00097 -0.00045 4.78751723e+08
0.10716 0.00119 -4.03229 -1.17778 0.73242 0.89395 0.00345 0.00391 -0.00097 -0.00045 5.32390960e+08
0.10716 0.00119 -4.70434 -1.17778 0.73242 0.89395 0.00345 0.00391 -0.00097 -0.00045 4.85243275e+08
0.10716 0.00119 -5.37639 -1.17778 0.73242 0.89395 0.00345 0.00391 -0.00097 -0.00045 5.56930115e+08
0.10716 0.00119 5.04037 -1.76667 0.73242 0.89395 0.00345 0.00391 -0.00097 -0.00045 3.94669368e+08
0.10716 0.00119 4.36832 -1.76667 0.73242 0.89395 0.00345 0.00391 -0.00097 -0.00045 3.79811554e+08
0.10716 0.00119 3.69627 -1.76667 0.73242 0.89395 0.00345 0.00391 -0.00097 -0.00045 3.15091939e+08
0.10716 0.00119 3.02422 -1.76667 0.73242 0.89395 0.00345 0.00391 -0.00097 -0.00045 3.66100961e+08
0.10716 0.00119 2.35217 -1.76667 0.73242 0.89395 0.00345 0.00391 -0.00097 -0.00045 3.65009712e+08
0.10716 0.00119 1.68012 -1.76667 0.73242 0.89395 0.00345 0.00391 -0.00097 -0.00045 3.45926802e+08
0.10716 0.00119 1.00807 -1.76667 0.73242 0.89395 0.00345 0.00391 -0.00097 -0.00045 3.70242128e+08
0.10716 0.00119 0.33602 -1.76667 0.73242 0.89395 0.00345 0.00391 -0.00097 -0.00045 3.54488938e+08
0.10716 0.00119 -0.33602 -1.76667 0.73242 0.89395 0.00345 0.00391 -0.00097 -0.00045 3.54377023e+08
0.10716 0.00119 -1.00807 -1.76667 0.73242 0.89395 0.00345 0.00391 -0.00097 -0.00045 3.69458666e+08
0.10716 0.00119 -1.68012 -1.76667 0.73242 0.89395 0.00345 0.00391 -0.00097 -0.00045 3.44723639e+08
0.10716 0.00119 -2.35217 -1.76667 0.73242 0.89395 0.00345 0.00391 -0.00097 -0.00045 3.64394137e+08
0.10716 0.00119 -3.02422 -1.76667 0.73242 0.89395 0.00345 0.00391 -0.00097 -0.00045 3.65261557e+08
0.10716 0.00119 -3.69627 -1.76667 0.73242 0.89395 0.00345 0.00391 -0.00097 -0.00045 3.14672237e+08
0.10716 0.00119 -4.36832 -1.76667 0.73242 0.89395 0.00345 0.00391 -0.00097 -0.00045 3.80595045e+08
0.10716 0.00119 -5.04037 -1.76667 0.73242 0.89395 0.00345 0.00391 -0.00097 -0.00045 3.93130431e+08
0.10390 0.00117 5.46701 1.19806 0.74094 0.89939 0.00360 0.00401 -0.00100 -0.00050 1.15319534e+08
0.10390 0.00117 4.78364 1.19806 0.74094 0.89939 0.00360 0.00401 -0.00100 -0.00050 2.31569726e+08
0.10390 0.00117 4.10026 1.19806 0.74094 0.89939 0.00360 0.00401 -0.00100 -0.00050 2.55192039e+08
0.10390 0.00117 3.41688 1.19806 0.74094 0.89939 0.00360 0.00401 -0.00100 -0.00050 2.15118971e+08
0.10390 0.00117 2.73351 1.19806 0.74094 0.89939 0.00360 0.00401 -0.00100 -0.00050 2.54343483e+08
0.10390 0.00117 2.05013 1.19806 0.74094 0.89939 0.00360 0.00401 -0.00100 -0.00050 2.25301466e+08
0.10390 0.00117 1.36675 1.19806 0.74094 0.89939 0.00360 0.00401 -0.00100 -0.00050 2.40301493e+08
0.10390 0.00117 0.68338 1.19806 0.74094 0.89939 0.00360 0.00401 -0.00100 -0.00050 2.48732151e+08
0.10390 0.00117 -0.00000 1.19806 0.74094 0.89939 0.00360 0.00401 -0.00100 -0.00050 2.27327020e+08
0.10390 0.00117 -0.68338 1.19806 0.74094 0.89939 0.00360 0.00401 -0.00100 -0.00050 2.48732151e+08
0.10390 0.00117 -1.36675 1.19806 0.74094 0.89939 0.00360 0.00401 -0.00100 -0.00050 2.40903681e+08
0.10390 0.00117 -2.05013 1.19806 0.74094 0.89939 0.00360 0.00401 -0.00100 -0.00050 2.25931031e+08
0.10390 0.00117 -2.73351 1.19806 0.74094 0.89939 0.00360 0.00401 -0.00100 -0.00050 2.55219387e+08
0.10390 0.00117 -3.41688 1.19806 0.74094 0.89939 0.00360 0.00401 -0.00100 -0.00050 2.15228451e+08
0.10390 0.00117 -4.10026 1.19806 0.74094 0.89939 0.00360 0.00401 -0.00100 -0.00050 2.55848952e+08
0.10390 0.00117 -4.78364 1.19806 0.74094 0.89939 0.00360 0.00401 -0.00100 -0.00050 2.32527748e+08
0.10390 0.00117 -5.46701 1.19806 0.74094 0.89939 0.00360 0.00401 -0.00100 -0.00050 1.15346904e+08
0.10390 0.00117 -5.80870 0.59903 0.74094 0.89939 0.00360 0.00401 -0.00100 -0.00050 7.94344387e+07
0.10390 0.00117 -5.12532 0.59903 0.74094 0.89939 0.00360 0.00401 -0.00100 -0.00050 2.90693915e+08
0.10390 0.00117 -4.44195 0.59903 0.74094 0.89939 0.00360 0.00401 -0.00100 -0.00050 1.28376119e+07
0.10390 0.00117 -3.75857 0.59903 0.74094 0.89939 0.00360 0.00401 -0.00100 -0.00050 1.36341460e+08
0.10390 0.00117 -3.07519 0.59903 0.74094 0.89939 0.00360 0.00401 -0.00100 -0.00050 1.08476456e+08
0.10390 0.00117 -2.39182 0.59903 0.74094 0.89939 0.00360 0.00401 -0.00100 -0.00050 8.73450341e+07
0.10390 0.00117 -1.70844 0.59903 0.74094 0.89939 0.00360 0.00401 -0.00100 -0.00050 1.13211862e+08
0.10390 0.00117 -1.02506 0.59903 0.74094 0.89939 0.00360 0.00401 -0.00100 -0.00050 9.41881120e+07
0.10390 0.00117 -0.34169 0.59903 0.74094 0.89939 0.00360 0.00401 -0.00100 -0.00050 1.01441772e+08
0.10390 0.00117 0.34169 0.59903 0.74094 0.89939 0.00360 0.00401 -0.00100 -0.00050 1.01879731e+08
0.10390 0.00117 1.02506 0.59903 0.74094 0.89939 0.00360 0.00401 -0.00100 -0.00050 9.39691359e+07
0.10390 0.00117 1.70844 0.59903 0.74094 0.89939 0.00360 0.00401 -0.00100 -0.00050 1.13595074e+08
0.10390 0.00117 2.39182 0.59903 0.74094 0.89939 0.00360 0.00401 -0.00100 -0.00050 8.77556160e+07
0.10390 0.00117 3.07519 0.59903 0.74094 0.89939 0.00360 0.00401 -0.00100 -0.00050 1.09051273e+08
0.10390 0.00117 3.75857 0.59903 0.74094 0.89939 0.00360 0.00401 -0.00100 -0.00050 1.36697309e+08
0.10390 0.00117 4.44195 0.59903 0.74094 0.89939 0.00360 0.00401 -0.00100 -0.00050 1.37408981e+07
0.10390 0.00117 5.12532 0.59903 0.74094 0.89939 0.00360 0.00401 -0.00100 -0.00050 2.90639160e+08
0.10390 0.00117 5.80870 0.59903 0.74094 0.89939 0.00360 0.00401 -0.00100 -0.00050 7.96260446e+07
0.10390 0.00117 5.46701 -0.00000 0.74094 0.89939 0.00360 0.00401 -0.00100 -0.00050 2.07016769e+08
0.10390 0.00117 4.78364 -0.00000 0.74094 0.89939 0.00360 0.00401 -0.00100 -0.00050 7.77373562e+07
0.10390 0.00117 4.10026 -0.00000 0.74094 0.89939 0.00360 0.00401 -0.00100 -0.00050 2.59024156e+08
0.10390 0.00117 3.41688 -0.00000 0.74094 0.89939 0.00360 0.00401 -0.00100 -0.00050 1.10693615e+08
0.10390 0.00117 2.73351 -0.00000 0.74094 0.89939 0.00360 0.00401 -0.00100 -0.00050 2.03896321e+08
0.10390 0.00117 2.05013 -0.00000 0.74094 0.89939 0.00360 0.00401 -0.00100 -0.00050 1.67518526e+08
0.10390 0.00117 1.36675 -0.00000 0.74094 0.89939 0.00360 0.00401 -0.00100 -0.00050 1.70857951e+08
0.10390 0.00117 0.68338 -0.00000 0.74094 0.89939 0.00360 0.00401 -0.00100 -0.00050 1.85420011e+08
0.10390 0.00117 -0.00000 -0.00000 0.74094 0.89939 0.00360 0.00401 -0.00100 -0.00050 1.65575090e+08
0.10390 0.00117 -0.68338 -0.00000 0.74094 0.89939 0.00360 0.00401 -0.00100 -0.00050 1.85365271e+08
0.10390 0.00117 -1.36675 -0.00000 0.74094 0.89939 0.00360 0.00401 -0.00100 -0.00050 1.70611597e+08
0.10390 0.00117 -2.05013 -0.00000 0.74094 0.89939 0.00360 0.00401 -0.00100 -0.00050 1.67655384e+08
0.10390 0.00117 -2.73351 -0.00000 0.74094 0.89939 0.00360 0.00401 -0.00100 -0.00050 2.04389028e+08
0.10390 0.00117 -3.41688 -0.00000 0.74094 0.89939 0.00360 0.00401 -0.00100 -0.00050 1.10638868e+08
0.10390 0.00117 -4.10026 -0.00000 0.74094 0.89939 0.00360 0.00401 -0.00100 -0.00050 2.59653721e+08
0.10390 0.00117 -4.78364 -0.00000 0.74094 0.89939 0.00360 0.00401 -0.00100 -0.00050 7.79289620e+07
0.10390 0.00117 -5.46701 -0.00000 0.74094 0.89939 0.00360 0.00401 -0.00100 -0.00050 2.06688298e+08
0.10390 0.00117 -5.80870 -0.59903 0.74094 0.89939 0.00360 0.00401 -0.00100 -0.00050 6.46533881e+07
0.10390 0.00117 -5.12532 -0.59903 0.74094 0.89939 0.00360 0.00401 -0.00100 -0.00050 2.29872644e+08
0.10390 0.00117 -4.44195 -0.59903 0.74094 0.89939 0.00360 0.00401 -0.00100 -0.00050 7.98997683e+07
0.10390 0.00117 -3.75857 -0.59903 0.74094 0.89939 0.00360 0.00401 -0.00100 -0.00050 1.45867027e+08
0.10390 0.00117 -3.07519 -0.59903 0.74094 0.89939 0.00360 0.00401 -0.00100 -0.00050 1.27746566e+08
0.10390 0.00117 -2.39182 -0.59903 0.74094 0.89939 0.00360 0.00401 -0.00100 -0.00050 1.21423551e+08
0.10390 0.00117 -1.70844 -0.59903 0.74094 0.89939 0.00360 0.00401 -0.00100 -0.00050 1.35219202e+08
0.10390 0.00117 -1.02506 -0.59903 0.74094 0.89939 0.00360 0.00401 -0.00100 -0.00050 1.24106048e+08
0.10390 0.00117 -0.34169 -0.59903 0.74094 0.89939 0.00360 0.00401 -0.00100 -0.00050 1.28458235e+08
0.10390 0.00117 0.34169 -0.59903 0.74094 0.89939 0.00360 0.00401 -0.00100 -0.00050 1.28622471e+08
0.10390 0.00117 1.02506 -0.59903 0.74094 0.89939 0.00360 0.00401 -0.00100 -0.00050 1.24160788e+08
0.10390 0.00117 1.70844 -0.59903 0.74094 0.89939 0.00360 0.00401 -0.00100 -0.00050 1.36341460e+08
0.10390 0.00117 2.39182 -0.59903 0.74094 0.89939 0.00360 0.00401 -0.00100 -0.00050 1.20848741e+08
0.10390 0.00117 3.07519 -0.59903 0.74094 0.89939 0.00360 0.00401 -0.00100 -0.00050 1.29224658e+08
0.10390 0.00117 3.75857 -0.59903 0.74094 0.89939 0.00360 0.00401 -0.00100 -0.00050 1.45374320e+08
0.10390 0.00117 4.44195 -0.59903 0.74094 0.89939 0.00360 0.00401 -0.00100 -0.00050 8.10494035e+07
0.10390 0.00117 5.12532 -0.59903 0.74094 0.89939 0.00360 0.00401 -0.00100 -0.00050 2.29051465e+08
0.10390 0.00117 5.80870 -0.59903 0.74094 0.89939 0.00360 0.00401 -0.00100 -0.00050 6.48723714e+07
0.10390 0.00117 5.46701 -1.19806 0.74094 0.89939 0.00360 0.00401 -0.00100 -0.00050 2.30584327e+08
0.10390 0.00117 4.78364 -1.19806 0.74094 0.89939 0.00360 0.00401 -0.00100 -0.00050 1.30045837e+08
0.10390 0.00117 4.10026 -1.19806 0.74094 0.89939 0.00360 0.00401 -0.00100 -0.00050 1.62919971e+08
0.10390 0.00117 3.41688 -1.19806 0.74094 0.89939 0.00360 0.00401 -0.00100 -0.00050 1.57336031e+08
0.10390 0.00117 2.73351 -1.19806 0.74094 0.89939 0.00360 0.00401 -0.00100 -0.00050 1.57253913e+08
0.10390 0.00117 2.05013 -1.19806 0.74094 0.89939 0.00360 0.00401 -0.00100 -0.00050 1.53668135e+08
0.10390 0.00117 1.36675 -1.19806 0.74094 0.89939 0.00360 0.00401 -0.00100 -0.00050 1.52710098e+08
0.10390 0.00117 0.68338 -1.19806 0.74094 0.89939 0.00360 0.00401 -0.00100 -0.00050 1.59306830e+08
0.10390 0.00117 -0.00000 -1.19806 0.74094 0.89939 0.00360 0.00401 -0.00100 -0.00050 1.49096957e+08
0.10390 0.00117 -0.68338 -1.19806 0.74094 0.89939 0.00360 0.00401 -0.00100 -0.00050 1.59416325e+08
0.10390 0.00117 -1.36675 -1.19806 0.74094 0.89939 0.00360 0.00401 -0.00100 -0.00050 1.53695512e+08
0.10390 0.00117 -2.05013 -1.19806 0.74094 0.89939 0.00360 0.00401 -0.00100 -0.00050 1.53531276e+08
0.10390 0.00117 -2.73351 -1.19806 0.74094 0.89939 0.00360 0.00401 -0.00100 -0.00050 1.57390771e+08
0.10390 0.00117 -3.41688 -1.19806 0.74094 0.89939 0.00360 0.00401 -0.00100 -0.00050 1.57527629e+08
0.10390 0.00117 -4.10026 -1.19806 0.74094 0.89939 0.00360 0.00401 -0.00100 -0.00050 1.62372524e+08
0.10390 0.00117 -4.78364 -1.19806 0.74094 0.89939 0.00360 0.00401 -0.00100 -0.00050 1.30456411e+08
0.10390 0.00117 -5.46701 -1.19806 0.74094 0.89939 0.00360 0.00401 -0.00100 -0.00050 2.30064242e+08
0.10390 0.00117 -5.12532 -1.79710 0.74094 0.89939 0.00360 0.00401 -0.00100 -0.00050 1.90100684e+08
0.10390 0.00117 -4.44195 -1.79710 0.74094 0.89939 0.00360 0.00401 -0.00100 -0.00050 1.87144471e+08
0.10390 0.00117 -3.75857 -1.79710 0.74094 0.89939 0.00360 0.00401 -0.00100 -0.00050 1.64398077e+08
0.10390 0.00117 -3.07519 -1.79710 0.74094 0.89939 0.00360 0.00401 -0.00100 -0.00050 1.86295930e+08
0.10390 0.00117 -2.39182 -1.79710 0.74094 0.89939 0.00360 0.00401 -0.00100 -0.00050 1.87938272e+08
0.10390 0.00117 -1.70844 -1.79710 0.74094 0.89939 0.00360 0.00401 -0.00100 -0.00050 1.72555033e+08
0.10390 0.00117 -1.02506 -1.79710 0.74094 0.89939 0.00360 0.00401 -0.00100 -0.00050 1.95684624e+08
0.10390 0.00117 -0.34169 -1.79710 0.74094 0.89939 0.00360 0.00401 -0.00100 -0.00050 1.80520376e+08
0.10390 0.00117 0.34169 -1.79710 0.74094 0.89939 0.00360 0.00401 -0.00100 -0.00050 1.80410881e+08
0.10390 0.00117 1.02506 -1.79710 0.74094 0.89939 0.00360 0.00401 -0.00100 -0.00050 1.95739379e+08
0.10390 0.00117 1.70844 -1.79710 0.74094 0.89939 0.00360 0.00401 -0.00100 -0.00050 1.72336043e+08
0.10390 0.00117 2.39182 -1.79710 0.74094 0.89939 0.00360 0.00401 -0.00100 -0.00050 1.87691918e+08
0.10390 0.00117 3.07519 -1.79710 0.74094 0.89939 0.00360 0.00401 -0.00100 -0.00050 1.85830600e+08
0.10390 0.00117 3.75857 -1.79710 0.74094 0.89939 0.00360 0.00401 -0.00100 -0.00050 1.64151724e+08
0.10390 0.00117 4.44195 -1.79710 0.74094 0.89939 0.00360 0.00401 -0.00100 -0.00050 1.86761259e+08
0.10390 0.00117 5.12532 -1.79710 0.74094 0.89939 0.00360 0.00401 -0.00100 -0.00050 1.90730235e+08
0.10064 0.00115 -5.55857 1.21857 0.74886 0.90566 0.00370 0.00410 -0.00104 -0.00055 5.01284532e+07
0.10064 0.00115 -4.86375 1.21857 0.74886 0.90566 0.00370 0.00410 -0.00104 -0.00055 1.50358598e+08
0.10064 0.00115 -4.16893 1.21857 0.74886 0.90566 0.00370 0.00410 -0.00104 -0.00055 1.49073939e+08
0.10064 0.00115 -3.47411 1.21857 0.74886 0.90566 0.00370 0.00410 -0.00104 -0.00055 1.25682437e+08
0.10064 0.00115 -2.77929 1.21857 0.74886 0.90566 0.00370 0.00410 -0.00104 -0.00055 1.57477737e+08
0.10064 0.00115 -2.08446 1.21857 0.74886 0.90566 0.00370 0.00410 -0.00104 -0.00055 1.38421978e+08
0.10064 0.00115 -1.38964 1.21857 0.74886 0.90566 0.00370 0.00410 -0.00104 -0.00055 1.40509543e+08
0.10064 0.00115 -0.69482 1.21857 0.74886 0.90566 0.00370 0.00410 -0.00104 -0.00055 1.50786813e+08
0.10064 0.00115 -0.00000 1.21857 0.74886 0.90566 0.00370 0.00410 -0.00104 -0.00055 1.35665307e+08
0.10064 0.00115 0.69482 1.21857 0.74886 0.90566 0.00370 0.00410 -0.00104 -0.00055 1.50652997e+08
0.10064 0.00115 1.38964 1.21857 0.74886 0.90566 0.00370 0.00410 -0.00104 -0.00055 1.40911003e+08
0.10064 0.00115 2.08446 1.21857 0.74886 0.90566 0.00370 0.00410 -0.00104 -0.00055 1.38689608e+08
0.10064 0.00115 2.77929 1.21857 0.74886 0.90566 0.00370 0.00410 -0.00104 -0.00055 1.57798906e+08
0.10064 0.00115 3.47411 1.21857 0.74886 0.90566 0.00370 0.00410 -0.00104 -0.00055 1.25923313e+08
0.10064 0.00115 4.16893 1.21857 0.74886 0.90566 0.00370 0.00410 -0.00104 -0.00055 1.49020402e+08
0.10064 0.00115 4.86375 1.21857 0.74886 0.90566 0.00370 0.00410 -0.00104 -0.00055 1.50278306e+08
0.10064 0.00115 5.55857 1.21857 0.74886 0.90566 0.00370 0.00410 -0.00104 -0.00055 5.01819801e+07
0.10064 0.00115 5.90598 0.60929 0.74886 0.90566 0.00370 0.00410 -0.00104 -0.00055 2.91724581e+07
0.10064 0.00115 5.21116 0.60929 0.74886 0.90566 0.00370 0.00410 -0.00104 -0.00055 2.23932070e+08
0.10064 0.00115 4.51634 0.60929 0.74886 0.90566 0.00370 0.00410 -0.00104 -0.00055 5.67390928e+07
0.10064 0.00115 3.82152 0.60929 0.74886 0.90566 0.00370 0.00410 -0.00104 -0.00055 1.27716479e+08
0.10064 0.00115 3.12670 0.60929 0.74886 0.90566 0.00370 0.00410 -0.00104 -0.00055 1.08339550e+08
0.10064 0.00115 2.43187 0.60929 0.74886 0.90566 0.00370 0.00410 -0.00104 -0.00055 9.29236454e+07
0.10064 0.00115 1.73705 0.60929 0.74886 0.90566 0.00370 0.00410 -0.00104 -0.00055 1.21989045e+08
0.10064 0.00115 1.04223 0.60929 0.74886 0.90566 0.00370 0.00410 -0.00104 -0.00055 9.91060630e+07
0.10064 0.00115 0.34741 0.60929 0.74886 0.90566 0.00370 0.00410 -0.00104 -0.00055 1.09704501e+08
0.10064 0.00115 -0.34741 0.60929 0.74886 0.90566 0.00370 0.00410 -0.00104 -0.00055 1.09784786e+08
0.10064 0.00115 -1.04223 0.60929 0.74886 0.90566 0.00370 0.00410 -0.00104 -0.00055 9.91328247e+07
0.10064 0.00115 -1.73705 0.60929 0.74886 0.90566 0.00370 0.00410 -0.00104 -0.00055 1.22470797e+08
0.10064 0.00115 -2.43187 0.60929 0.74886 0.90566 0.00370 0.00410 -0.00104 -0.00055 9.27095379e+07
0.10064 0.00115 -3.12670 0.60929 0.74886 0.90566 0.00370 0.00410 -0.00104 -0.00055 1.08232497e+08
0.10064 0.00115 -3.82152 0.60929 0.74886 0.90566 0.00370 0.00410 -0.00104 -0.00055 1.27448848e+08
0.10064 0.00115 -4.51634 0.60929 0.74886 0.90566 0.00370 0.00410 -0.00104 -0.00055 5.62305823e+07
0.10064 0.00115 -5.21116 0.60929 0.74886 0.90566 0.00370 0.00410 -0.00104 -0.00055 2.23851778e+08
0.10064 0.00115 -5.90598 0.60929 0.74886 0.90566 0.00370 0.00410 -0.00104 -0.00055 2.91992215e+07
0.10064 0.00115 -5.55857 0.00000 0.74886 0.90566 0.00370 0.00410 -0.00104 -0.00055 1.06466086e+08
0.10064 0.00115 -4.86375 0.00000 0.74886 0.90566 0.00370 0.00410 -0.00104 -0.00055 7.82303617e+07
0.10064 0.00115 -4.16893 0.00000 0.74886 0.90566 0.00370 0.00410 -0.00104 -0.00055 1.66336533e+08
0.10064 0.00115 -3.47411 0.00000 0.74886 0.90566 0.00370 0.00410 -0.00104 -0.00055 7.88726911e+07
0.10064 0.00115 -2.77929 0.00000 0.74886 0.90566 0.00370 0.00410 -0.00104 -0.00055 1.49609215e+08
0.10064 0.00115 -2.08446 0.00000 0.74886 0.90566 0.00370 0.00410 -0.00104 -0.00055 1.06947838e+08
0.10064 0.00115 -1.38964 0.00000 0.74886 0.90566 0.00370 0.00410 -0.00104 -0.00055 1.22444028e+08
0.10064 0.00115 -0.69482 0.00000 0.74886 0.90566 0.00370 0.00410 -0.00104 -0.00055 1.20757909e+08
0.10064 0.00115 -0.00000 0.00000 0.74886 0.90566 0.00370 0.00410 -0.00104 -0.00055 1.19446496e+08
0.10064 0.00115 0.69482 0.00000 0.74886 0.90566 0.00370 0.00410 -0.00104 -0.00055 1.20677631e+08
0.10064 0.00115 1.38964 0.00000 0.74886 0.90566 0.00370 0.00410 -0.00104 -0.00055 1.22336981e+08
0.10064 0.00115 2.08446 0.00000 0.74886 0.90566 0.00370 0.00410 -0.00104 -0.00055 1.07054892e+08
0.10064 0.00115 2.77929 0.00000 0.74886 0.90566 0.00370 0.00410 -0.00104 -0.00055 1.49448631e+08
0.10064 0.00115 3.47411 0.00000 0.74886 0.90566 0.00370 0.00410 -0.00104 -0.00055 7.91135603e+07
0.10064 0.00115 4.16893 0.00000 0.74886 0.90566 0.00370 0.00410 -0.00104 -0.00055 1.65828026e+08
0.10064 0.00115 4.86375 0.00000 0.74886 0.90566 0.00370 0.00410 -0.00104 -0.00055 7.80430160e+07
0.10064 0.00115 5.55857 0.00000 0.74886 0.90566 0.00370 0.00410 -0.00104 -0.00055 1.06653431e+08
0.10064 0.00115 5.90598 -0.60929 0.74886 0.90566 0.00370 0.00410 -0.00104 -0.00055 2.04207194e+07
0.10064 0.00115 5.21116 -0.60929 0.74886 0.90566 0.00370 0.00410 -0.00104 -0.00055 1.73241579e+08
0.10064 0.00115 4.51634 -0.60929 0.74886 0.90566 0.00370 0.00410 -0.00104 -0.00055 6.17439054e+07
0.10064 0.00115 3.82152 -0.60929 0.74886 0.90566 0.00370 0.00410 -0.00104 -0.00055 1.13558478e+08
0.10064 0.00115 3.12670 -0.60929 0.74886 0.90566 0.00370 0.00410 -0.00104 -0.00055 1.01809203e+08
0.10064 0.00115 2.43187 -0.60929 0.74886 0.90566 0.00370 0.00410 -0.00104 -0.00055 9.34589210e+07
0.10064 0.00115 1.73705 -0.60929 0.74886 0.90566 0.00370 0.00410 -0.00104 -0.00055 1.07911329e+08
0.10064 0.00115 1.04223 -0.60929 0.74886 0.90566 0.00370 0.00410 -0.00104 -0.00055 9.53056171e+07
0.10064 0.00115 0.34741 -0.60929 0.74886 0.90566 0.00370 0.00410 -0.00104 -0.00055 1.01621857e+08
0.10064 0.00115 -0.34741 -0.60929 0.74886 0.90566 0.00370 0.00410 -0.00104 -0.00055 1.01782434e+08
0.10064 0.00115 -1.04223 -0.60929 0.74886 0.90566 0.00370 0.00410 -0.00104 -0.00055 9.53323788e+07
0.10064 0.00115 -1.73705 -0.60929 0.74886 0.90566 0.00370 0.00410 -0.00104 -0.00055 1.08366312e+08
0.10064 0.00115 -2.43187 -0.60929 0.74886 0.90566 0.00370 0.00410 -0.00104 -0.00055 9.35392131e+07
0.10064 0.00115 -3.12670 -0.60929 0.74886 0.90566 0.00370 0.00410 -0.00104 -0.00055 1.01702142e+08
0.10064 0.00115 -3.82152 -0.60929 0.74886 0.90566 0.00370 0.00410 -0.00104 -0.00055 1.13665531e+08
0.10064 0.00115 -4.51634 -0.60929 0.74886 0.90566 0.00370 0.00410 -0.00104 -0.00055 6.14495059e+07
0.10064 0.00115 -5.21116 -0.60929 0.74886 0.90566 0.00370 0.00410 -0.00104 -0.00055 1.73000703e+08
0.10064 0.00115 -5.90598 -0.60929 0.74886 0.90566 0.00370 0.00410 -0.00104 -0.00055 2.04474846e+07
0.10064 0.00115 -5.55857 -1.21857 0.74886 0.90566 0.00370 0.00410 -0.00104 -0.00055 1.16636302e+08
0.10064 0.00115 -4.86375 -1.21857 0.74886 0.90566 0.00370 0.00410 -0.00104 -0.00055 1.51723549e+08
0.10064 0.00115 -4.16893 -1.21857 0.74886 0.90566 0.00370 0.00410 -0.00104 -0.00055 1.26190958e+08
0.10064 0.00115 -3.47411 -1.21857 0.74886 0.90566 0.00370 0.00410 -0.00104 -0.00055 1.37699349e+08
0.10064 0.00115 -2.77929 -1.21857 0.74886 0.90566 0.00370 0.00410 -0.00104 -0.00055 1.28010878e+08
0.10064 0.00115 -2.08446 -1.21857 0.74886 0.90566 0.00370 0.00410 -0.00104 -0.00055 1.37565534e+08
0.10064 0.00115 -1.38964 -1.21857 0.74886 0.90566 0.00370 0.00410 -0.00104 -0.00055 1.33443927e+08
0.10064 0.00115 -0.69482 -1.21857 0.74886 0.90566 0.00370 0.00410 -0.00104 -0.00055 1.35825891e+08
0.10064 0.00115 -0.00000 -1.21857 0.74886 0.90566 0.00370 0.00410 -0.00104 -0.00055 1.33898910e+08
0.10064 0.00115 0.69482 -1.21857 0.74886 0.90566 0.00370 0.00410 -0.00104 -0.00055 1.35825891e+08
0.10064 0.00115 1.38964 -1.21857 0.74886 0.90566 0.00370 0.00410 -0.00104 -0.00055 1.33256574e+08
0.10064 0.00115 2.08446 -1.21857 0.74886 0.90566 0.00370 0.00410 -0.00104 -0.00055 1.37672594e+08
0.10064 0.00115 2.77929 -1.21857 0.74886 0.90566 0.00370 0.00410 -0.00104 -0.00055 1.28144707e+08
0.10064 0.00115 3.47411 -1.21857 0.74886 0.90566 0.00370 0.00410 -0.00104 -0.00055 1.37886702e+08
0.10064 0.00115 4.16893 -1.21857 0.74886 0.90566 0.00370 0.00410 -0.00104 -0.00055 1.26378296e+08
0.10064 0.00115 4.86375 -1.21857 0.74886 0.90566 0.00370 0.00410 -0.00104 -0.00055 1.51482673e+08
0.10064 0.00115 5.55857 -1.21857 0.74886 0.90566 0.00370 0.00410 -0.00104 -0.00055 1.16877178e+08
0.10064 0.00115 5.21116 -1.82786 0.74886 0.90566 0.00370 0.00410 -0.00104 -0.00055 9.81960958e+07
0.10064 0.00115 4.51634 -1.82786 0.74886 0.90566 0.00370 0.00410 -0.00104 -0.00055 1.20998785e+08
0.10064 0.00115 3.82152 -1.82786 0.74886 0.90566 0.00370 0.00410 -0.00104 -0.00055 9.37533206e+07
0.10064 0.00115 3.12670 -1.82786 0.74886 0.90566 0.00370 0.00410 -0.00104 -0.00055 1.06198448e+08
0.10064 0.00115 2.43187 -1.82786 0.74886 0.90566 0.00370 0.00410 -0.00104 -0.00055 1.10587700e+08
0.10064 0.00115 1.73705 -1.82786 0.74886 0.90566 0.00370 0.00410 -0.00104 -0.00055 9.95878083e+07
0.10064 0.00115 1.04223 -1.82786 0.74886 0.90566 0.00370 0.00410 -0.00104 -0.00055 1.10025662e+08
0.10064 0.00115 0.34741 -1.82786 0.74886 0.90566 0.00370 0.00410 -0.00104 -0.00055 1.04164406e+08
0.10064 0.00115 -0.34741 -1.82786 0.74886 0.90566 0.00370 0.00410 -0.00104 -0.00055 1.04217936e+08
0.10064 0.00115 -1.04223 -1.82786 0.74886 0.90566 0.00370 0.00410 -0.00104 -0.00055 1.09865078e+08
0.10064 0.00115 -1.73705 -1.82786 0.74886 0.90566 0.00370 0.00410 -0.00104 -0.00055 9.92398855e+07
0.10064 0.00115 -2.43187 -1.82786 0.74886 0.90566 0.00370 0.00410 -0.00104 -0.00055 1.10587700e+08
0.10064 0.00115 -3.12670 -1.82786 0.74886 0.90566 0.00370 0.00410 -0.00104 -0.00055 1.06198448e+08
0.10064 0.00115 -3.82152 -1.82786 0.74886 0.90566 0.00370 0.00410 -0.00104 -0.00055 9.36462668e+07
0.10064 0.00115 -4.51634 -1.82786 0.74886 0.90566 0.00370 0.00410 -0.00104 -0.00055 1.21159369e+08
0.10064 0.00115 -5.21116 -1.82786 0.74886 0.90566 0.00370 0.00410 -0.00104 -0.00055 9.76072968e+07
0.09738 0.00112 -5.67172 1.24419 0.75600 0.91279 0.00374 0.00419 -0.00110 -0.00061 1.52044540e+07
0.09738 0.00112 -4.96276 1.24419 0.75600 0.91279 0.00374 0.00419 -0.00110 -0.00061 1.09074299e+08
0.09738 0.00112 -4.25379 1.24419 0.75600 0.91279 0.00374 0.00419 -0.00110 -0.00061 1.20431847e+08
0.09738 0.00112 -3.54483 1.24419 0.75600 0.91279 0.00374 0.00419 -0.00110 -0.00061 1.05829287e+08
0.09738 0.00112 -2.83586 1.24419 0.75600 0.91279 0.00374 0.00419 -0.00110 -0.00061 1.13470768e+08
0.09738 0.00112 -2.12690 1.24419 0.75600 0.91279 0.00374 0.00419 -0.00110 -0.00061 1.10670630e+08
0.09738 0.00112 -1.41793 1.24419 0.75600 0.91279 0.00374 0.00419 -0.00110 -0.00061 1.08472399e+08
0.09738 0.00112 -0.70897 1.24419 0.75600 0.91279 0.00374 0.00419 -0.00110 -0.00061 1.14543716e+08
0.09738 0.00112 -0.00000 1.24419 0.75600 0.91279 0.00374 0.00419 -0.00110 -0.00061 1.10958500e+08
0.09738 0.00112 0.70897 1.24419 0.75600 0.91279 0.00374 0.00419 -0.00110 -0.00061 1.14622218e+08
0.09738 0.00112 1.41793 1.24419 0.75600 0.91279 0.00374 0.00419 -0.00110 -0.00061 1.08446232e+08
0.09738 0.00112 2.12690 1.24419 0.75600 0.91279 0.00374 0.00419 -0.00110 -0.00061 1.10801481e+08
0.09738 0.00112 2.83586 1.24419 0.75600 0.91279 0.00374 0.00419 -0.00110 -0.00061 1.13313749e+08
0.09738 0.00112 3.54483 1.24419 0.75600 0.91279 0.00374 0.00419 -0.00110 -0.00061 1.05305897e+08
0.09738 0.00112 4.25379 1.24419 0.75600 0.91279 0.00374 0.00419 -0.00110 -0.00061 1.20300989e+08
0.09738 0.00112 4.96276 1.24419 0.75600 0.91279 0.00374 0.00419 -0.00110 -0.00061 1.09126634e+08
0.09738 0.00112 5.67172 1.24419 0.75600 0.91279 0.00374 0.00419 -0.00110 -0.00061 1.52829633e+07
0.09738 0.00112 6.02621 0.62209 0.75600 0.91279 0.00374 0.00419 -0.00110 -0.00061 5.62643346e+06
0.09738 0.00112 5.31724 0.62209 0.75600 0.91279 0.00374 0.00419 -0.00110 -0.00061 1.82034748e+08
0.09738 0.00112 4.60828 0.62209 0.75600 0.91279 0.00374 0.00419 -0.00110 -0.00061 6.35132700e+07
0.09738 0.00112 3.89931 0.62209 0.75600 0.91279 0.00374 0.00419 -0.00110 -0.00061 9.37651630e+07
0.09738 0.00112 3.19034 0.62209 0.75600 0.91279 0.00374 0.00419 -0.00110 -0.00061 9.00752702e+07
0.09738 0.00112 2.48138 0.62209 0.75600 0.91279 0.00374 0.00419 -0.00110 -0.00061 8.62807007e+07
0.09738 0.00112 1.77241 0.62209 0.75600 0.91279 0.00374 0.00419 -0.00110 -0.00061 9.32156053e+07
0.09738 0.00112 1.06345 0.62209 0.75600 0.91279 0.00374 0.00419 -0.00110 -0.00061 8.64900541e+07
0.09738 0.00112 0.35448 0.62209 0.75600 0.91279 0.00374 0.00419 -0.00110 -0.00061 9.35034679e+07
0.09738 0.00112 -0.35448 0.62209 0.75600 0.91279 0.00374 0.00419 -0.00110 -0.00061 9.32679470e+07
0.09738 0.00112 -1.06345 0.62209 0.75600 0.91279 0.00374 0.00419 -0.00110 -0.00061 8.65162216e+07
0.09738 0.00112 -1.77241 0.62209 0.75600 0.91279 0.00374 0.00419 -0.00110 -0.00061 9.32156053e+07
0.09738 0.00112 -2.48138 0.62209 0.75600 0.91279 0.00374 0.00419 -0.00110 -0.00061 8.63592100e+07
0.09738 0.00112 -3.19034 0.62209 0.75600 0.91279 0.00374 0.00419 -0.00110 -0.00061 9.00752702e+07
0.09738 0.00112 -3.89931 0.62209 0.75600 0.91279 0.00374 0.00419 -0.00110 -0.00061 9.35034679e+07
0.09738 0.00112 -4.60828 0.62209 0.75600 0.91279 0.00374 0.00419 -0.00110 -0.00061 6.33824259e+07
0.09738 0.00112 -5.31724 0.62209 0.75600 0.91279 0.00374 0.00419 -0.00110 -0.00061 1.82139418e+08
0.09738 0.00112 -6.02621 0.62209 0.75600 0.91279 0.00374 0.00419 -0.00110 -0.00061 5.70494183e+06
0.09738 0.00112 -5.67172 -0.00000 0.75600 0.91279 0.00374 0.00419 -0.00110 -0.00061 6.07393068e+07
0.09738 0.00112 -4.96276 -0.00000 0.75600 0.91279 0.00374 0.00419 -0.00110 -0.00061 8.56002919e+07
0.09738 0.00112 -4.25379 -0.00000 0.75600 0.91279 0.00374 0.00419 -0.00110 -0.00061 1.16192389e+08
0.09738 0.00112 -3.54483 -0.00000 0.75600 0.91279 0.00374 0.00419 -0.00110 -0.00061 8.83742551e+07
0.09738 0.00112 -2.83586 -0.00000 0.75600 0.91279 0.00374 0.00419 -0.00110 -0.00061 1.06457354e+08
0.09738 0.00112 -2.12690 -0.00000 0.75600 0.91279 0.00374 0.00419 -0.00110 -0.00061 9.50736388e+07
0.09738 0.00112 -1.41793 -0.00000 0.75600 0.91279 0.00374 0.00419 -0.00110 -0.00061 1.03421696e+08
0.09738 0.00112 -0.70897 -0.00000 0.75600 0.91279 0.00374 0.00419 -0.00110 -0.00061 9.97318030e+07
0.09738 0.00112 -0.00000 -0.00000 0.75600 0.91279 0.00374 0.00419 -0.00110 -0.00061 9.66961447e+07
0.09738 0.00112 0.70897 -0.00000 0.75600 0.91279 0.00374 0.00419 -0.00110 -0.00061 9.94701079e+07
0.09738 0.00112 1.41793 -0.00000 0.75600 0.91279 0.00374 0.00419 -0.00110 -0.00061 1.03709558e+08
0.09738 0.00112 2.12690 -0.00000 0.75600 0.91279 0.00374 0.00419 -0.00110 -0.00061 9.51259737e+07
0.09738 0.00112 2.83586 -0.00000 0.75600 0.91279 0.00374 0.00419 -0.00110 -0.00061 1.06562031e+08
0.09738 0.00112 3.54483 -0.00000 0.75600 0.91279 0.00374 0.00419 -0.00110 -0.00061 8.85836154e+07
0.09738 0.00112 4.25379 -0.00000 0.75600 0.91279 0.00374 0.00419 -0.00110 -0.00061 1.16035371e+08
0.09738 0.00112 4.96276 -0.00000 0.75600 0.91279 0.00374 0.00419 -0.00110 -0.00061 8.55741245e+07
0.09738 0.00112 5.67172 -0.00000 0.75600 0.91279 0.00374 0.00419 -0.00110 -0.00061 6.09486671e+07
0.09738 0.00112 6.02621 -0.62209 0.75600 0.91279 0.00374 0.00419 -0.00110 -0.00061 5.23389158e+06
0.09738 0.00112 5.31724 -0.62209 0.75600 0.91279 0.00374 0.00419 -0.00110 -0.00061 1.51050105e+08
0.09738 0.00112 4.60828 -0.62209 0.75600 0.91279 0.00374 0.00419 -0.00110 -0.00061 4.14524190e+07
0.09738 0.00112 3.89931 -0.62209 0.75600 0.91279 0.00374 0.00419 -0.00110 -0.00061 1.02872138e+08
0.09738 0.00112 3.19034 -0.62209 0.75600 0.91279 0.00374 0.00419 -0.00110 -0.00061 6.64704191e+07
0.09738 0.00112 2.48138 -0.62209 0.75600 0.91279 0.00374 0.00419 -0.00110 -0.00061 8.59404963e+07
0.09738 0.00112 1.77241 -0.62209 0.75600 0.91279 0.00374 0.00419 -0.00110 -0.00061 7.93719637e+07
0.09738 0.00112 1.06345 -0.62209 0.75600 0.91279 0.00374 0.00419 -0.00110 -0.00061 8.10206370e+07
0.09738 0.00112 0.35448 -0.62209 0.75600 0.91279 0.00374 0.00419 -0.00110 -0.00061 7.91626103e+07
0.09738 0.00112 -0.35448 -0.62209 0.75600 0.91279 0.00374 0.00419 -0.00110 -0.00061 7.90841010e+07
0.09738 0.00112 -1.06345 -0.62209 0.75600 0.91279 0.00374 0.00419 -0.00110 -0.00061 8.09683021e+07
0.09738 0.00112 -1.77241 -0.62209 0.75600 0.91279 0.00374 0.00419 -0.00110 -0.00061 7.92672870e+07
0.09738 0.00112 -2.48138 -0.62209 0.75600 0.91279 0.00374 0.00419 -0.00110 -0.00061 8.57573104e+07
0.09738 0.00112 -3.19034 -0.62209 0.75600 0.91279 0.00374 0.00419 -0.00110 -0.00061 6.66536051e+07
0.09738 0.00112 -3.89931 -0.62209 0.75600 0.91279 0.00374 0.00419 -0.00110 -0.00061 1.02819796e+08
0.09738 0.00112 -4.60828 -0.62209 0.75600 0.91279 0.00374 0.00419 -0.00110 -0.00061 4.10860471e+07
0.09738 0.00112 -5.31724 -0.62209 0.75600 0.91279 0.00374 0.00419 -0.00110 -0.00061 1.51416477e+08
0.09738 0.00112 -5.67172 -1.24419 0.75600 0.91279 0.00374 0.00419 -0.00110 -0.00061 5.63428412e+07
0.09738 0.00112 -4.96276 -1.24419 0.75600 0.91279 0.00374 0.00419 -0.00110 -0.00061 1.56676540e+08
0.09738 0.00112 -4.25379 -1.24419 0.75600 0.91279 0.00374 0.00419 -0.00110 -0.00061 9.08341882e+07
0.09738 0.00112 -3.54483 -1.24419 0.75600 0.91279 0.00374 0.00419 -0.00110 -0.00061 1.21321609e+08
0.09738 0.00112 -2.83586 -1.24419 0.75600 0.91279 0.00374 0.00419 -0.00110 -0.00061 1.11167853e+08
0.09738 0.00112 -2.12690 -1.24419 0.75600 0.91279 0.00374 0.00419 -0.00110 -0.00061 1.11612734e+08
0.09738 0.00112 -1.41793 -1.24419 0.75600 0.91279 0.00374 0.00419 -0.00110 -0.00061 1.13810965e+08
0.09738 0.00112 -0.70897 -1.24419 0.75600 0.91279 0.00374 0.00419 -0.00110 -0.00061 1.11508058e+08
0.09738 0.00112 -0.00000 -1.24419 0.75600 0.91279 0.00374 0.00419 -0.00110 -0.00061 1.18416795e+08
0.09738 0.00112 0.70897 -1.24419 0.75600 0.91279 0.00374 0.00419 -0.00110 -0.00061 1.11691244e+08
0.09738 0.00112 1.41793 -1.24419 0.75600 0.91279 0.00374 0.00419 -0.00110 -0.00061 1.13653954e+08
0.09738 0.00112 2.12690 -1.24419 0.75600 0.91279 0.00374 0.00419 -0.00110 -0.00061 1.11638902e+08
0.09738 0.00112 2.83586 -1.24419 0.75600 0.91279 0.00374 0.00419 -0.00110 -0.00061 1.11351039e+08
0.09738 0.00112 3.54483 -1.24419 0.75600 0.91279 0.00374 0.00419 -0.00110 -0.00061 1.21583297e+08
0.09738 0.00112 4.25379 -1.24419 0.75600 0.91279 0.00374 0.00419 -0.00110 -0.00061 9.07818465e+07
0.09738 0.00112 4.96276 -1.24419 0.75600 0.91279 0.00374 0.00419 -0.00110 -0.00061 1.56441013e+08
0.09738 0.00112 5.67172 -1.24419 0.75600 0.91279 0.00374 0.00419 -0.00110 -0.00061 5.65521980e+07
0.09738 0.00112 5.31724 -1.86628 0.75600 0.91279 0.00374 0.00419 -0.00110 -0.00061 4.85966803e+07
0.09738 0.00112 4.60828 -1.86628 0.75600 0.91279 0.00374 0.00419 -0.00110 -0.00061 9.14884227e+07
0.09738 0.00112 3.89931 -1.86628 0.75600 0.91279 0.00374 0.00419 -0.00110 -0.00061 7.93457962e+07
0.09738 0.00112 3.19034 -1.86628 0.75600 0.91279 0.00374 0.00419 -0.00110 -0.00061 7.48184761e+07
0.09738 0.00112 2.48138 -1.86628 0.75600 0.91279 0.00374 0.00419 -0.00110 -0.00061 8.09683021e+07
0.09738 0.00112 1.77241 -1.86628 0.75600 0.91279 0.00374 0.00419 -0.00110 -0.00061 7.58390893e+07
0.09738 0.00112 1.06345 -1.86628 0.75600 0.91279 0.00374 0.00419 -0.00110 -0.00061 7.93457962e+07
0.09738 0.00112 0.35448 -1.86628 0.75600 0.91279 0.00374 0.00419 -0.00110 -0.00061 7.89009151e+07
0.09738 0.00112 -0.35448 -1.86628 0.75600 0.91279 0.00374 0.00419 -0.00110 -0.00061 7.88224059e+07
0.09738 0.00112 -1.06345 -1.86628 0.75600 0.91279 0.00374 0.00419 -0.00110 -0.00061 7.93719637e+07
0.09738 0.00112 -1.77241 -1.86628 0.75600 0.91279 0.00374 0.00419 -0.00110 -0.00061 7.58129150e+07
0.09738 0.00112 -2.48138 -1.86628 0.75600 0.91279 0.00374 0.00419 -0.00110 -0.00061 8.11514880e+07
0.09738 0.00112 -3.19034 -1.86628 0.75600 0.91279 0.00374 0.00419 -0.00110 -0.00061 7.47923087e+07
0.09738 0.00112 -3.89931 -1.86628 0.75600 0.91279 0.00374 0.00419 -0.00110 -0.00061 7.93981311e+07
0.09738 0.00112 -4.60828 -1.86628 0.75600 0.91279 0.00374 0.00419 -0.00110 -0.00061 9.12267275e+07
0.09738 0.00112 -5.31724 -1.86628 0.75600 0.91279 0.00374 0.00419 -0.00110 -0.00061 4.79424459e+07
0.09411 0.00109 -5.06121 1.26975 0.76398 0.92277 0.00377 0.00431 -0.00116 -0.00066 7.32572847e+07
0.09411 0.00109 -4.33818 1.26975 0.76398 0.92277 0.00377 0.00431 -0.00116 -0.00066 8.86300584e+07
0.09411 0.00109 -3.61515 1.26975 0.76398 0.92277 0.00377 0.00431 -0.00116 -0.00066 8.26958067e+07
0.09411 0.00109 -2.89212 1.26975 0.76398 0.92277 0.00377 0.00431 -0.00116 -0.00066 8.41537929e+07
0.09411 0.00109 -2.16909 1.26975 0.76398 0.92277 0.00377 0.00431 -0.00116 -0.00066 8.15447677e+07
0.09411 0.00109 -1.44606 1.26975 0.76398 0.92277 0.00377 0.00431 -0.00116 -0.00066 8.58675596e+07
0.09411 0.00109 -0.72303 1.26975 0.76398 0.92277 0.00377 0.00431 -0.00116 -0.00066 8.23632827e+07
0.09411 0.00109 -0.00000 1.26975 0.76398 0.92277 0.00377 0.00431 -0.00116 -0.00066 8.16726647e+07
0.09411 0.00109 0.72303 1.26975 0.76398 0.92277 0.00377 0.00431 -0.00116 -0.00066 8.24400195e+07
0.09411 0.00109 1.44606 1.26975 0.76398 0.92277 0.00377 0.00431 -0.00116 -0.00066 8.57908228e+07
0.09411 0.00109 2.16909 1.26975 0.76398 0.92277 0.00377 0.00431 -0.00116 -0.00066 8.19028684e+07
0.09411 0.00109 2.89212 1.26975 0.76398 0.92277 0.00377 0.00431 -0.00116 -0.00066 8.40514794e+07
0.09411 0.00109 3.61515 1.26975 0.76398 0.92277 0.00377 0.00431 -0.00116 -0.00066 8.24400195e+07
0.09411 0.00109 4.33818 1.26975 0.76398 0.92277 0.00377 0.00431 -0.00116 -0.00066 8.86812118e+07
0.09411 0.00109 5.06121 1.26975 0.76398 0.92277 0.00377 0.00431 -0.00116 -0.00066 7.34363351e+07
0.09411 0.00109 5.42272 0.63487 0.76398 0.92277 0.00377 0.00431 -0.00116 -0.00066 1.28353714e+08
0.09411 0.00109 4.69969 0.63487 0.76398 0.92277 0.00377 0.00431 -0.00116 -0.00066 8.34375915e+07
0.09411 0.00109 3.97666 0.63487 0.76398 0.92277 0.00377 0.00431 -0.00116 -0.00066 7.50733649e+07
0.09411 0.00109 3.25363 0.63487 0.76398 0.92277 0.00377 0.00431 -0.00116 -0.00066 8.18261316e+07
0.09411 0.00109 2.53060 0.63487 0.76398 0.92277 0.00377 0.00431 -0.00116 -0.00066 8.01891017e+07
0.09411 0.00109 1.80757 0.63487 0.76398 0.92277 0.00377 0.00431 -0.00116 -0.00066 8.00612048e+07
0.09411 0.00109 1.08454 0.63487 0.76398 0.92277 0.00377 0.00431 -0.00116 -0.00066 8.05983558e+07
0.09411 0.00109 0.36151 0.63487 0.76398 0.92277 0.00377 0.00431 -0.00116 -0.00066 7.72219759e+07
0.09411 0.00109 -0.36151 0.63487 0.76398 0.92277 0.00377 0.00431 -0.00116 -0.00066 7.69406120e+07
0.09411 0.00109 -1.08454 0.63487 0.76398 0.92277 0.00377 0.00431 -0.00116 -0.00066 8.09308798e+07
0.09411 0.00109 -1.80757 0.63487 0.76398 0.92277 0.00377 0.00431 -0.00116 -0.00066 7.99077311e+07
0.09411 0.00109 -2.53060 0.63487 0.76398 0.92277 0.00377 0.00431 -0.00116 -0.00066 8.02146784e+07
0.09411 0.00109 -3.25363 0.63487 0.76398 0.92277 0.00377 0.00431 -0.00116 -0.00066 8.18005549e+07
0.09411 0.00109 -3.97666 0.63487 0.76398 0.92277 0.00377 0.00431 -0.00116 -0.00066 7.48687379e+07
0.09411 0.00109 -4.69969 0.63487 0.76398 0.92277 0.00377 0.00431 -0.00116 -0.00066 8.35143283e+07
0.09411 0.00109 -5.42272 0.63487 0.76398 0.92277 0.00377 0.00431 -0.00116 -0.00066 1.28404880e+08
0.09411 0.00109 -5.78424 -0.00000 0.76398 0.92277 0.00377 0.00431 -0.00116 -0.00066 2.43253064e+07
0.09411 0.00109 -5.06121 -0.00000 0.76398 0.92277 0.00377 0.00431 -0.00116 -0.00066 8.18005549e+07
0.09411 0.00109 -4.33818 -0.00000 0.76398 0.92277 0.00377 0.00431 -0.00116 -0.00066 6.93437470e+07
0.09411 0.00109 -3.61515 -0.00000 0.76398 0.92277 0.00377 0.00431 -0.00116 -0.00066 7.90892162e+07
0.09411 0.00109 -2.89212 -0.00000 0.76398 0.92277 0.00377 0.00431 -0.00116 -0.00066 7.63011407e+07
0.09411 0.00109 -2.16909 -0.00000 0.76398 0.92277 0.00377 0.00431 -0.00116 -0.00066 7.21062458e+07
0.09411 0.00109 -1.44606 -0.00000 0.76398 0.92277 0.00377 0.00431 -0.00116 -0.00066 7.69661887e+07
0.09411 0.00109 -0.72303 -0.00000 0.76398 0.92277 0.00377 0.00431 -0.00116 -0.00066 7.20806624e+07
0.09411 0.00109 -0.00000 -0.00000 0.76398 0.92277 0.00377 0.00431 -0.00116 -0.00066 8.15191910e+07
0.09411 0.00109 0.72303 -0.00000 0.76398 0.92277 0.00377 0.00431 -0.00116 -0.00066 7.20295089e+07
0.09411 0.00109 1.44606 -0.00000 0.76398 0.92277 0.00377 0.00431 -0.00116 -0.00066 7.73242894e+07
0.09411 0.00109 2.16909 -0.00000 0.76398 0.92277 0.00377 0.00431 -0.00116 -0.00066 7.17992985e+07
0.09411 0.00109 2.89212 -0.00000 0.76398 0.92277 0.00377 0.00431 -0.00116 -0.00066 7.66080880e+07
0.09411 0.00109 3.61515 -0.00000 0.76398 0.92277 0.00377 0.00431 -0.00116 -0.00066 7.89357426e+07
0.09411 0.00109 4.33818 -0.00000 0.76398 0.92277 0.00377 0.00431 -0.00116 -0.00066 6.90112230e+07
0.09411 0.00109 5.06121 -0.00000 0.76398 0.92277 0.00377 0.00431 -0.00116 -0.00066 8.21330789e+07
0.09411 0.00109 5.78424 -0.00000 0.76398 0.92277 0.00377 0.00431 -0.00116 -0.00066 2.44276199e+07
0.09411 0.00109 5.42272 -0.63487 0.76398 0.92277 0.00377 0.00431 -0.00116 -0.00066 1.03721468e+08
0.09411 0.00109 4.69969 -0.63487 0.76398 0.92277 0.00377 0.00431 -0.00116 -0.00066 4.45324480e+07
0.09411 0.00109 3.97666 -0.63487 0.76398 0.92277 0.00377 0.00431 -0.00116 -0.00066 8.14680309e+07
0.09411 0.00109 3.25363 -0.63487 0.76398 0.92277 0.00377 0.00431 -0.00116 -0.00066 4.94691277e+07
0.09411 0.00109 2.53060 -0.63487 0.76398 0.92277 0.00377 0.00431 -0.00116 -0.00066 7.21573992e+07
0.09411 0.00109 1.80757 -0.63487 0.76398 0.92277 0.00377 0.00431 -0.00116 -0.00066 5.82170283e+07
0.09411 0.00109 1.08454 -0.63487 0.76398 0.92277 0.00377 0.00431 -0.00116 -0.00066 6.44326439e+07
0.09411 0.00109 0.36151 -0.63487 0.76398 0.92277 0.00377 0.00431 -0.00116 -0.00066 6.26165570e+07
0.09411 0.00109 -0.36151 -0.63487 0.76398 0.92277 0.00377 0.00431 -0.00116 -0.00066 6.26165570e+07
0.09411 0.00109 -1.08454 -0.63487 0.76398 0.92277 0.00377 0.00431 -0.00116 -0.00066 6.43814905e+07
0.09411 0.00109 -1.80757 -0.63487 0.76398 0.92277 0.00377 0.00431 -0.00116 -0.00066 5.81402915e+07
0.09411 0.00109 -2.53060 -0.63487 0.76398 0.92277 0.00377 0.00431 -0.00116 -0.00066 7.22341360e+07
0.09411 0.00109 -3.25363 -0.63487 0.76398 0.92277 0.00377 0.00431 -0.00116 -0.00066 4.98272284e+07
0.09411 0.00109 -3.97666 -0.63487 0.76398 0.92277 0.00377 0.00431 -0.00116 -0.00066 8.14680309e+07
0.09411 0.00109 -4.69969 -0.63487 0.76398 0.92277 0.00377 0.00431 -0.00116 -0.00066 4.45324480e+07
0.09411 0.00109 -5.42272 -0.63487 0.76398 0.92277 0.00377 0.00431 -0.00116 -0.00066 1.03977255e+08
0.09411 0.00109 -5.78424 -1.26975 0.76398 0.92277 0.00377 0.00431 -0.00116 -0.00066 2.10512366e+07
0.09411 0.00109 -5.06121 -1.26975 0.76398 0.92277 0.00377 0.00431 -0.00116 -0.00066 1.37562038e+08
0.09411 0.00109 -4.33818 -1.26975 0.76398 0.92277 0.00377 0.00431 -0.00116 -0.00066 8.26702300e+07
0.09411 0.00109 -3.61515 -1.26975 0.76398 0.92277 0.00377 0.00431 -0.00116 -0.00066 9.93986763e+07
0.09411 0.00109 -2.89212 -1.26975 0.76398 0.92277 0.00377 0.00431 -0.00116 -0.00066 1.02749480e+08
0.09411 0.00109 -2.16909 -1.26975 0.76398 0.92277 0.00377 0.00431 -0.00116 -0.00066 9.24412759e+07
0.09411 0.00109 -1.44606 -1.26975 0.76398 0.92277 0.00377 0.00431 -0.00116 -0.00066 1.03926095e+08
0.09411 0.00109 -0.72303 -1.26975 0.76398 0.92277 0.00377 0.00431 -0.00116 -0.00066 9.34388479e+07
0.09411 0.00109 -0.00000 -1.26975 0.76398 0.92277 0.00377 0.00431 -0.00116 -0.00066 9.92707794e+07
0.09411 0.00109 0.72303 -1.26975 0.76398 0.92277 0.00377 0.00431 -0.00116 -0.00066 9.33621111e+07
0.09411 0.00109 1.44606 -1.26975 0.76398 0.92277 0.00377 0.00431 -0.00116 -0.00066 1.03567995e+08
0.09411 0.00109 2.16909 -1.26975 0.76398 0.92277 0.00377 0.00431 -0.00116 -0.00066 9.24668593e+07
0.09411 0.00109 2.89212 -1.26975 0.76398 0.92277 0.00377 0.00431 -0.00116 -0.00066 1.02672743e+08
0.09411 0.00109 3.61515 -1.26975 0.76398 0.92277 0.00377 0.00431 -0.00116 -0.00066 9.95265666e+07
0.09411 0.00109 4.33818 -1.26975 0.76398 0.92277 0.00377 0.00431 -0.00116 -0.00066 8.20819188e+07
0.09411 0.00109 5.06121 -1.26975 0.76398 0.92277 0.00377 0.00431 -0.00116 -0.00066 1.37689929e+08
0.09411 0.00109 5.78424 -1.26975 0.76398 0.92277 0.00377 0.00431 -0.00116 -0.00066 2.12558670e+07
0.09411 0.00109 5.42272 -1.90462 0.76398 0.92277 0.00377 0.00431 -0.00116 -0.00066 2.19464900e+07
0.09411 0.00109 4.69969 -1.90462 0.76398 0.92277 0.00377 0.00431 -0.00116 -0.00066 6.29746644e+07
0.09411 0.00109 3.97666 -1.90462 0.76398 0.92277 0.00377 0.00431 -0.00116 -0.00066 5.83449252e+07
0.09411 0.00109 3.25363 -1.90462 0.76398 0.92277 0.00377 0.00431 -0.00116 -0.00066 5.35617158e+07
0.09411 0.00109 2.53060 -1.90462 0.76398 0.92277 0.00377 0.00431 -0.00116 -0.00066 5.91122868e+07
0.09411 0.00109 1.80757 -1.90462 0.76398 0.92277 0.00377 0.00431 -0.00116 -0.00066 5.56591633e+07
0.09411 0.00109 1.08454 -1.90462 0.76398 0.92277 0.00377 0.00431 -0.00116 -0.00066 5.78333509e+07
0.09411 0.00109 0.36151 -1.90462 0.76398 0.92277 0.00377 0.00431 -0.00116 -0.00066 5.61451576e+07
0.09411 0.00109 -0.36151 -1.90462 0.76398 0.92277 0.00377 0.00431 -0.00116 -0.00066 5.61451576e+07
0.09411 0.00109 -1.08454 -1.90462 0.76398 0.92277 0.00377 0.00431 -0.00116 -0.00066 5.79100877e+07
0.09411 0.00109 -1.80757 -1.90462 0.76398 0.92277 0.00377 0.00431 -0.00116 -0.00066 5.56847433e+07
0.09411 0.00109 -2.53060 -1.90462 0.76398 0.92277 0.00377 0.00431 -0.00116 -0.00066 5.92657537e+07
0.09411 0.00109 -3.25363 -1.90462 0.76398 0.92277 0.00377 0.00431 -0.00116 -0.00066 5.34593989e+07
0.09411 0.00109 -3.97666 -1.90462 0.76398 0.92277 0.00377 0.00431 -0.00116 -0.00066 5.83960787e+07
0.09411 0.00109 -4.69969 -1.90462 0.76398 0.92277 0.00377 0.00431 -0.00116 -0.00066 6.25398269e+07
0.09411 0.00109 -5.42272 -1.90462 0.76398 0.92277 0.00377 0.00431 -0.00116 -0.00066 2.14093390e+07
0.09084 0.00105 -5.15916 1.29527 0.77480 0.93802 0.00390 0.00450 -0.00121 -0.00068 3.83613001e+07
0.09084 0.00105 -4.42214 1.29527 0.77480 0.93802 0.00390 0.00450 -0.00121 -0.00068 6.58335856e+07
0.09084 0.00105 -3.68511 1.29527 0.77480 0.93802 0.00390 0.00450 -0.00121 -0.00068 6.62331846e+07
0.09084 0.00105 -2.94809 1.29527 0.77480 0.93802 0.00390 0.00450 -0.00121 -0.00068 6.43850462e+07
0.09084 0.00105 -2.21107 1.29527 0.77480 0.93802 0.00390 0.00450 -0.00121 -0.00068 6.31363097e+07
0.09084 0.00105 -1.47404 1.29527 0.77480 0.93802 0.00390 0.00450 -0.00121 -0.00068 6.48096182e+07
0.09084 0.00105 -0.73702 1.29527 0.77480 0.93802 0.00390 0.00450 -0.00121 -0.00068 6.34110312e+07
0.09084 0.00105 0.00000 1.29527 0.77480 0.93802 0.00390 0.00450 -0.00121 -0.00068 6.14879741e+07
0.09084 0.00105 0.73702 1.29527 0.77480 0.93802 0.00390 0.00450 -0.00121 -0.00068 6.33610789e+07
0.09084 0.00105 1.47404 1.29527 0.77480 0.93802 0.00390 0.00450 -0.00121 -0.00068 6.49594687e+07
0.09084 0.00105 2.21107 1.29527 0.77480 0.93802 0.00390 0.00450 -0.00121 -0.00068 6.34859564e+07
0.09084 0.00105 2.94809 1.29527 0.77480 0.93802 0.00390 0.00450 -0.00121 -0.00068 6.42352023e+07
0.09084 0.00105 3.68511 1.29527 0.77480 0.93802 0.00390 0.00450 -0.00121 -0.00068 6.67077024e+07
0.09084 0.00105 4.42214 1.29527 0.77480 0.93802 0.00390 0.00450 -0.00121 -0.00068 6.63330828e+07
0.09084 0.00105 5.15916 1.29527 0.77480 0.93802 0.00390 0.00450 -0.00121 -0.00068 3.85860759e+07
0.09084 0.00105 5.52767 0.64763 0.77480 0.93802 0.00390 0.00450 -0.00121 -0.00068 7.20273420e+07
0.09084 0.00105 4.79065 0.64763 0.77480 0.93802 0.00390 0.00450 -0.00121 -0.00068 9.29812004e+07
0.09084 0.00105 4.05362 0.64763 0.77480 0.93802 0.00390 0.00450 -0.00121 -0.00068 7.20772878e+07
0.09084 0.00105 3.31660 0.64763 0.77480 0.93802 0.00390 0.00450 -0.00121 -0.00068 7.59983339e+07
0.09084 0.00105 2.57958 0.64763 0.77480 0.93802 0.00390 0.00450 -0.00121 -0.00068 7.98194752e+07
0.09084 0.00105 1.84256 0.64763 0.77480 0.93802 0.00390 0.00450 -0.00121 -0.00068 7.29514047e+07
0.09084 0.00105 1.10553 0.64763 0.77480 0.93802 0.00390 0.00450 -0.00121 -0.00068 7.87955079e+07
0.09084 0.00105 0.36851 0.64763 0.77480 0.93802 0.00390 0.00450 -0.00121 -0.00068 7.33010515e+07
0.09084 0.00105 -0.36851 0.64763 0.77480 0.93802 0.00390 0.00450 -0.00121 -0.00068 7.32511057e+07
0.09084 0.00105 -1.10553 0.64763 0.77480 0.93802 0.00390 0.00450 -0.00121 -0.00068 7.90452565e+07
0.09084 0.00105 -1.84256 0.64763 0.77480 0.93802 0.00390 0.00450 -0.00121 -0.00068 7.27016561e+07
0.09084 0.00105 -2.57958 0.64763 0.77480 0.93802 0.00390 0.00450 -0.00121 -0.00068 8.02190743e+07
0.09084 0.00105 -3.31660 0.64763 0.77480 0.93802 0.00390 0.00450 -0.00121 -0.00068 7.57236124e+07
0.09084 0.00105 -4.05362 0.64763 0.77480 0.93802 0.00390 0.00450 -0.00121 -0.00068 7.18525121e+07
0.09084 0.00105 -4.79065 0.64763 0.77480 0.93802 0.00390 0.00450 -0.00121 -0.00068 9.32559219e+07
0.09084 0.00105 -5.52767 0.64763 0.77480 0.93802 0.00390 0.00450 -0.00121 -0.00068 7.20273420e+07
0.09084 0.00105 -5.89618 0.00000 0.77480 0.93802 0.00390 0.00450 -0.00121 -0.00068 7.14279450e+06
0.09084 0.00105 -5.15916 0.00000 0.77480 0.93802 0.00390 0.00450 -0.00121 -0.00068 8.63878514e+07
0.09084 0.00105 -4.42214 0.00000 0.77480 0.93802 0.00390 0.00450 -0.00121 -0.00068 3.99347138e+07
0.09084 0.00105 -3.68511 0.00000 0.77480 0.93802 0.00390 0.00450 -0.00121 -0.00068 7.58484834e+07
0.09084 0.00105 -2.94809 0.00000 0.77480 0.93802 0.00390 0.00450 -0.00121 -0.00068 5.42452773e+07
0.09084 0.00105 -2.21107 0.00000 0.77480 0.93802 0.00390 0.00450 -0.00121 -0.00068 6.58086127e+07
0.09084 0.00105 -1.47404 0.00000 0.77480 0.93802 0.00390 0.00450 -0.00121 -0.00068 5.93900870e+07
0.09084 0.00105 -0.73702 0.00000 0.77480 0.93802 0.00390 0.00450 -0.00121 -0.00068 6.41852499e+07
0.09084 0.00105 0.00000 0.00000 0.77480 0.93802 0.00390 0.00450 -0.00121 -0.00068 6.42352023e+07
0.09084 0.00105 0.73702 0.00000 0.77480 0.93802 0.00390 0.00450 -0.00121 -0.00068 6.42102228e+07
0.09084 0.00105 1.47404 0.00000 0.77480 0.93802 0.00390 0.00450 -0.00121 -0.00068 5.95149580e+07
0.09084 0.00105 2.21107 0.00000 0.77480 0.93802 0.00390 0.00450 -0.00121 -0.00068 6.54339930e+07
0.09084 0.00105 2.94809 0.00000 0.77480 0.93802 0.00390 0.00450 -0.00121 -0.00068 5.46199003e+07
0.09084 0.00105 3.68511 0.00000 0.77480 0.93802 0.00390 0.00450 -0.00121 -0.00068 7.47495908e+07
0.09084 0.00105 4.42214 0.00000 0.77480 0.93802 0.00390 0.00450 -0.00121 -0.00068 3.95101418e+07
0.09084 0.00105 5.15916 0.00000 0.77480 0.93802 0.00390 0.00450 -0.00121 -0.00068 8.66126271e+07
0.09084 0.00105 5.89618 0.00000 0.77480 0.93802 0.00390 0.00450 -0.00121 -0.00068 7.19274357e+06
0.09084 0.00105 5.52767 -0.64763 0.77480 0.93802 0.00390 0.00450 -0.00121 -0.00068 6.97546316e+07
0.09084 0.00105 4.79065 -0.64763 0.77480 0.93802 0.00390 0.00450 -0.00121 -0.00068 5.53441699e+07
0.09084 0.00105 4.05362 -0.64763 0.77480 0.93802 0.00390 0.00450 -0.00121 -0.00068 6.89554400e+07
0.09084 0.00105 3.31660 -0.64763 0.77480 0.93802 0.00390 0.00450 -0.00121 -0.00068 4.96499139e+07
0.09084 0.00105 2.57958 -0.64763 0.77480 0.93802 0.00390 0.00450 -0.00121 -0.00068 6.93300596e+07
0.09084 0.00105 1.84256 -0.64763 0.77480 0.93802 0.00390 0.00450 -0.00121 -0.00068 5.42452773e+07
0.09084 0.00105 1.10553 -0.64763 0.77480 0.93802 0.00390 0.00450 -0.00121 -0.00068 6.28366087e+07
0.09084 0.00105 0.36851 -0.64763 0.77480 0.93802 0.00390 0.00450 -0.00121 -0.00068 5.90654132e+07
0.09084 0.00105 -0.36851 -0.64763 0.77480 0.93802 0.00390 0.00450 -0.00121 -0.00068 5.90903926e+07
0.09084 0.00105 -1.10553 -0.64763 0.77480 0.93802 0.00390 0.00450 -0.00121 -0.00068 6.27866629e+07
0.09084 0.00105 -1.84256 -0.64763 0.77480 0.93802 0.00390 0.00450 -0.00121 -0.00068 5.42452773e+07
0.09084 0.00105 -2.57958 -0.64763 0.77480 0.93802 0.00390 0.00450 -0.00121 -0.00068 6.90553381e+07
0.09084 0.00105 -3.31660 -0.64763 0.77480 0.93802 0.00390 0.00450 -0.00121 -0.00068 4.98746864e+07
0.09084 0.00105 -4.05362 -0.64763 0.77480 0.93802 0.00390 0.00450 -0.00121 -0.00068 6.80563436e+07
0.09084 0.00105 -4.79065 -0.64763 0.77480 0.93802 0.00390 0.00450 -0.00121 -0.00068 5.54440681e+07
0.09084 0.00105 -5.52767 -0.64763 0.77480 0.93802 0.00390 0.00450 -0.00121 -0.00068 6.99794073e+07
0.09084 0.00105 -5.89618 -1.29527 0.77480 0.93802 0.00390 0.00450 -0.00121 -0.00068 4.99496125e+06
0.09084 0.00105 -5.15916 -1.29527 0.77480 0.93802 0.00390 0.00450 -0.00121 -0.00068 1.04569509e+08
0.09084 0.00105 -4.42214 -1.29527 0.77480 0.93802 0.00390 0.00450 -0.00121 -0.00068 7.63979330e+07
0.09084 0.00105 -3.68511 -1.29527 0.77480 0.93802 0.00390 0.00450 -0.00121 -0.00068 8.75117169e+07
0.09084 0.00105 -2.94809 -1.29527 0.77480 0.93802 0.00390 0.00450 -0.00121 -0.00068 8.84108132e+07
0.09084 0.00105 -2.21107 -1.29527 0.77480 0.93802 0.00390 0.00450 -0.00121 -0.00068 8.09433473e+07
0.09084 0.00105 -1.47404 -1.29527 0.77480 0.93802 0.00390 0.00450 -0.00121 -0.00068 8.83858337e+07
0.09084 0.00105 -0.73702 -1.29527 0.77480 0.93802 0.00390 0.00450 -0.00121 -0.00068 8.37904736e+07
0.09084 0.00105 0.00000 -1.29527 0.77480 0.93802 0.00390 0.00450 -0.00121 -0.00068 8.30662007e+07
0.09084 0.00105 0.73702 -1.29527 0.77480 0.93802 0.00390 0.00450 -0.00121 -0.00068 8.37155484e+07
0.09084 0.00105 1.47404 -1.29527 0.77480 0.93802 0.00390 0.00450 -0.00121 -0.00068 8.84857384e+07
0.09084 0.00105 2.21107 -1.29527 0.77480 0.93802 0.00390 0.00450 -0.00121 -0.00068 8.13679193e+07
0.09084 0.00105 2.94809 -1.29527 0.77480 0.93802 0.00390 0.00450 -0.00121 -0.00068 8.82859356e+07
0.09084 0.00105 3.68511 -1.29527 0.77480 0.93802 0.00390 0.00450 -0.00121 -0.00068 8.76865402e+07
0.09084 0.00105 4.42214 -1.29527 0.77480 0.93802 0.00390 0.00450 -0.00121 -0.00068 7.58235105e+07
0.09084 0.00105 5.15916 -1.29527 0.77480 0.93802 0.00390 0.00450 -0.00121 -0.00068 1.05193883e+08
0.09084 0.00105 5.89618 -1.29527 0.77480 0.93802 0.00390 0.00450 -0.00121 -0.00068 4.99496125e+06
0.09084 0.00105 5.52767 -1.94290 0.77480 0.93802 0.00390 0.00450 -0.00121 -0.00068 7.69223998e+06
0.09084 0.00105 4.79065 -1.94290 0.77480 0.93802 0.00390 0.00450 -0.00121 -0.00068 3.87109469e+07
0.09084 0.00105 4.05362 -1.94290 0.77480 0.93802 0.00390 0.00450 -0.00121 -0.00068 4.19077233e+07
0.09084 0.00105 3.31660 -1.94290 0.77480 0.93802 0.00390 0.00450 -0.00121 -0.00068 3.71125603e+07
0.09084 0.00105 2.57958 -1.94290 0.77480 0.93802 0.00390 0.00450 -0.00121 -0.00068 4.17328999e+07
0.09084 0.00105 1.84256 -1.94290 0.77480 0.93802 0.00390 0.00450 -0.00121 -0.00068 3.79617043e+07
0.09084 0.00105 1.10553 -1.94290 0.77480 0.93802 0.00390 0.00450 -0.00121 -0.00068 4.04591839e+07
0.09084 0.00105 0.36851 -1.94290 0.77480 0.93802 0.00390 0.00450 -0.00121 -0.00068 3.87109469e+07
0.09084 0.00105 -0.36851 -1.94290 0.77480 0.93802 0.00390 0.00450 -0.00121 -0.00068 3.86859740e+07
0.09084 0.00105 -1.10553 -1.94290 0.77480 0.93802 0.00390 0.00450 -0.00121 -0.00068 4.04841601e+07
0.09084 0.00105 -1.84256 -1.94290 0.77480 0.93802 0.00390 0.00450 -0.00121 -0.00068 3.78368300e+07
0.09084 0.00105 -2.57958 -1.94290 0.77480 0.93802 0.00390 0.00450 -0.00121 -0.00068 4.18078251e+07
0.09084 0.00105 -3.31660 -1.94290 0.77480 0.93802 0.00390 0.00450 -0.00121 -0.00068 3.69876860e+07
0.09084 0.00105 -4.05362 -1.94290 0.77480 0.93802 0.00390 0.00450 -0.00121 -0.00068 4.18327980e+07
0.09084 0.00105 -4.79065 -1.94290 0.77480 0.93802 0.00390 0.00450 -0.00121 -0.00068 3.80116534e+07
0.09084 0.00105 -5.52767 -1.94290 0.77480 0.93802 0.00390 0.00450 -0.00121 -0.00068 7.29264334e+06
0.08759 0.00102 -5.28084 1.32801 0.78974 0.95992 0.00419 0.00479 -0.00122 -0.00066 1.89654438e+07
0.08759 0.00102 -4.52644 1.32801 0.78974 0.95992 0.00419 0.00479 -0.00122 -0.00066 4.11932358e+07
0.08759 0.00102 -3.77203 1.32801 0.78974 0.95992 0.00419 0.00479 -0.00122 -0.00066 4.22157646e+07
0.08759 0.00102 -3.01762 1.32801 0.78974 0.95992 0.00419 0.00479 -0.00122 -0.00066 4.16314634e+07
0.08759 0.00102 -2.26322 1.32801 0.78974 0.95992 0.00419 0.00479 -0.00122 -0.00066 4.34087112e+07
0.08759 0.00102 -1.50881 1.32801 0.78974 0.95992 0.00419 0.00479 -0.00122 -0.00066 4.17775371e+07
0.08759 0.00102 -0.75441 1.32801 0.78974 0.95992 0.00419 0.00479 -0.00122 -0.00066 4.24592240e+07
0.08759 0.00102 -0.00000 1.32801 0.78974 0.95992 0.00419 0.00479 -0.00122 -0.00066 4.36034793e+07
0.08759 0.00102 0.75441 1.32801 0.78974 0.95992 0.00419 0.00479 -0.00122 -0.00066 4.27026802e+07
0.08759 0.00102 1.50881 1.32801 0.78974 0.95992 0.00419 0.00479 -0.00122 -0.00066 4.18992668e+07
0.08759 0.00102 2.26322 1.32801 0.78974 0.95992 0.00419 0.00479 -0.00122 -0.00066 4.33843671e+07
0.08759 0.00102 3.01762 1.32801 0.78974 0.95992 0.00419 0.00479 -0.00122 -0.00066 4.18749228e+07
0.08759 0.00102 3.77203 1.32801 0.78974 0.95992 0.00419 0.00479 -0.00122 -0.00066 4.29217956e+07
0.08759 0.00102 4.52644 1.32801 0.78974 0.95992 0.00419 0.00479 -0.00122 -0.00066 4.12419271e+07
0.08759 0.00102 5.28084 1.32801 0.78974 0.95992 0.00419 0.00479 -0.00122 -0.00066 1.89897894e+07
0.08759 0.00102 5.65805 0.66400 0.78974 0.95992 0.00419 0.00479 -0.00122 -0.00066 3.61536398e+07
0.08759 0.00102 4.90364 0.66400 0.78974 0.95992 0.00419 0.00479 -0.00122 -0.00066 1.14669112e+08
0.08759 0.00102 4.14923 0.66400 0.78974 0.95992 0.00419 0.00479 -0.00122 -0.00066 5.82353549e+07
0.08759 0.00102 3.39483 0.66400 0.78974 0.95992 0.00419 0.00479 -0.00122 -0.00066 7.27698480e+07
0.08759 0.00102 2.64042 0.66400 0.78974 0.95992 0.00419 0.00479 -0.00122 -0.00066 7.67869184e+07
0.08759 0.00102 1.88602 0.66400 0.78974 0.95992 0.00419 0.00479 -0.00122 -0.00066 6.98483417e+07
0.08759 0.00102 1.13161 0.66400 0.78974 0.95992 0.00419 0.00479 -0.00122 -0.00066 7.40601834e+07
0.08759 0.00102 0.37720 0.66400 0.78974 0.95992 0.00419 0.00479 -0.00122 -0.00066 7.40601834e+07
0.08759 0.00102 -0.37720 0.66400 0.78974 0.95992 0.00419 0.00479 -0.00122 -0.00066 7.39141065e+07
0.08759 0.00102 -1.13161 0.66400 0.78974 0.95992 0.00419 0.00479 -0.00122 -0.00066 7.37923736e+07
0.08759 0.00102 -1.88602 0.66400 0.78974 0.95992 0.00419 0.00479 -0.00122 -0.00066 7.04082989e+07
0.08759 0.00102 -2.64042 0.66400 0.78974 0.95992 0.00419 0.00479 -0.00122 -0.00066 7.70303778e+07
0.08759 0.00102 -3.39483 0.66400 0.78974 0.95992 0.00419 0.00479 -0.00122 -0.00066 7.27941920e+07
0.08759 0.00102 -4.14923 0.66400 0.78974 0.95992 0.00419 0.00479 -0.00122 -0.00066 5.89413891e+07
0.08759 0.00102 -4.90364 0.66400 0.78974 0.95992 0.00419 0.00479 -0.00122 -0.00066 1.15862065e+08
0.08759 0.00102 -5.65805 0.66400 0.78974 0.95992 0.00419 0.00479 -0.00122 -0.00066 3.62510223e+07
0.08759 0.00102 -5.28084 0.00000 0.78974 0.95992 0.00419 0.00479 -0.00122 -0.00066 7.52774740e+07
0.08759 0.00102 -4.52644 0.00000 0.78974 0.95992 0.00419 0.00479 -0.00122 -0.00066 1.40232287e+07
0.08759 0.00102 -3.77203 0.00000 0.78974 0.95992 0.00419 0.00479 -0.00122 -0.00066 7.80042154e+07
0.08759 0.00102 -3.01762 0.00000 0.78974 0.95992 0.00419 0.00479 -0.00122 -0.00066 3.24530641e+07
0.08759 0.00102 -2.26322 0.00000 0.78974 0.95992 0.00419 0.00479 -0.00122 -0.00066 5.81623165e+07
0.08759 0.00102 -1.50881 0.00000 0.78974 0.95992 0.00419 0.00479 -0.00122 -0.00066 4.61354525e+07
0.08759 0.00102 -0.75441 0.00000 0.78974 0.95992 0.00419 0.00479 -0.00122 -0.00066 5.14671992e+07
0.08759 0.00102 -0.00000 0.00000 0.78974 0.95992 0.00419 0.00479 -0.00122 -0.00066 4.65493297e+07
0.08759 0.00102 0.75441 0.00000 0.78974 0.95992 0.00419 0.00479 -0.00122 -0.00066 5.12967782e+07
0.08759 0.00102 1.50881 0.00000 0.78974 0.95992 0.00419 0.00479 -0.00122 -0.00066 4.61597965e+07
0.08759 0.00102 2.26322 0.00000 0.78974 0.95992 0.00419 0.00479 -0.00122 -0.00066 5.89900771e+07
0.08759 0.00102 3.01762 0.00000 0.78974 0.95992 0.00419 0.00479 -0.00122 -0.00066 3.26721763e+07
0.08759 0.00102 3.77203 0.00000 0.78974 0.95992 0.00419 0.00479 -0.00122 -0.00066 7.73955637e+07
0.08759 0.00102 4.52644 0.00000 0.78974 0.95992 0.00419 0.00479 -0.00122 -0.00066 1.59709006e+07
0.08759 0.00102 5.28084 0.00000 0.78974 0.95992 0.00419 0.00479 -0.00122 -0.00066 7.60808906e+07
0.08759 0.00102 5.65805 -0.66400 0.78974 0.95992 0.00419 0.00479 -0.00122 -0.00066 3.51311110e+07
0.08759 0.00102 4.90364 -0.66400 0.78974 0.95992 0.00419 0.00479 -0.00122 -0.00066 7.37193352e+07
0.08759 0.00102 4.14923 -0.66400 0.78974 0.95992 0.00419 0.00479 -0.00122 -0.00066 4.46016609e+07
0.08759 0.00102 3.39483 -0.66400 0.78974 0.95992 0.00419 0.00479 -0.00122 -0.00066 6.11081732e+07
0.08759 0.00102 2.64042 -0.66400 0.78974 0.95992 0.00419 0.00479 -0.00122 -0.00066 5.21732301e+07
0.08759 0.00102 1.88602 -0.66400 0.78974 0.95992 0.00419 0.00479 -0.00122 -0.00066 5.60442268e+07
0.08759 0.00102 1.13161 -0.66400 0.78974 0.95992 0.00419 0.00479 -0.00122 -0.00066 5.31227205e+07
0.08759 0.00102 0.37720 -0.66400 0.78974 0.95992 0.00419 0.00479 -0.00122 -0.00066 5.48025858e+07
0.08759 0.00102 -0.37720 -0.66400 0.78974 0.95992 0.00419 0.00479 -0.00122 -0.00066 5.45834704e+07
0.08759 0.00102 -1.13161 -0.66400 0.78974 0.95992 0.00419 0.00479 -0.00122 -0.00066 5.29036083e+07
0.08759 0.00102 -1.88602 -0.66400 0.78974 0.95992 0.00419 0.00479 -0.00122 -0.00066 5.62876862e+07
0.08759 0.00102 -2.64042 -0.66400 0.78974 0.95992 0.00419 0.00479 -0.00122 -0.00066 5.24897280e+07
0.08759 0.00102 -3.39483 -0.66400 0.78974 0.95992 0.00419 0.00479 -0.00122 -0.00066 6.08403634e+07
0.08759 0.00102 -4.14923 -0.66400 0.78974 0.95992 0.00419 0.00479 -0.00122 -0.00066 4.41147421e+07
0.08759 0.00102 -4.90364 -0.66400 0.78974 0.95992 0.00419 0.00479 -0.00122 -0.00066 7.62269612e+07
0.08759 0.00102 -5.65805 -0.66400 0.78974 0.95992 0.00419 0.00479 -0.00122 -0.00066 3.55449913e+07
0.08759 0.00102 -5.28084 -1.32801 0.78974 0.95992 0.00419 0.00479 -0.00122 -0.00066 7.84667837e+07
0.08759 0.00102 -4.52644 -1.32801 0.78974 0.95992 0.00419 0.00479 -0.00122 -0.00066 7.83207132e+07
0.08759 0.00102 -3.77203 -1.32801 0.78974 0.95992 0.00419 0.00479 -0.00122 -0.00066 6.92396964e+07
0.08759 0.00102 -3.01762 -1.32801 0.78974 0.95992 0.00419 0.00479 -0.00122 -0.00066 7.14551686e+07
0.08759 0.00102 -2.26322 -1.32801 0.78974 0.95992 0.00419 0.00479 -0.00122 -0.00066 7.47175168e+07
0.08759 0.00102 -1.50881 -1.32801 0.78974 0.95992 0.00419 0.00479 -0.00122 -0.00066 7.01648396e+07
0.08759 0.00102 -0.75441 -1.32801 0.78974 0.95992 0.00419 0.00479 -0.00122 -0.00066 7.30133074e+07
0.08759 0.00102 -0.00000 -1.32801 0.78974 0.95992 0.00419 0.00479 -0.00122 -0.00066 7.43036364e+07
0.08759 0.00102 0.75441 -1.32801 0.78974 0.95992 0.00419 0.00479 -0.00122 -0.00066 7.30376514e+07
0.08759 0.00102 1.50881 -1.32801 0.78974 0.95992 0.00419 0.00479 -0.00122 -0.00066 6.99457242e+07
0.08759 0.00102 2.26322 -1.32801 0.78974 0.95992 0.00419 0.00479 -0.00122 -0.00066 7.36463031e+07
0.08759 0.00102 3.01762 -1.32801 0.78974 0.95992 0.00419 0.00479 -0.00122 -0.00066 7.05056814e+07
0.08759 0.00102 3.77203 -1.32801 0.78974 0.95992 0.00419 0.00479 -0.00122 -0.00066 6.85823567e+07
0.08759 0.00102 4.52644 -1.32801 0.78974 0.95992 0.00419 0.00479 -0.00122 -0.00066 7.65921534e+07
0.08759 0.00102 5.28084 -1.32801 0.78974 0.95992 0.00419 0.00479 -0.00122 -0.00066 8.09987601e+07
0.08759 0.00102 4.90364 -1.99201 0.78974 0.95992 0.00419 0.00479 -0.00122 -0.00066 2.25199426e+07
0.08759 0.00102 4.14923 -1.99201 0.78974 0.95992 0.00419 0.00479 -0.00122 -0.00066 2.30555527e+07
0.08759 0.00102 3.39483 -1.99201 0.78974 0.95992 0.00419 0.00479 -0.00122 -0.00066 2.23982129e+07
0.08759 0.00102 2.64042 -1.99201 0.78974 0.95992 0.00419 0.00479 -0.00122 -0.00066 2.46136899e+07
0.08759 0.00102 1.88602 -1.99201 0.78974 0.95992 0.00419 0.00479 -0.00122 -0.00066 2.26660179e+07
0.08759 0.00102 1.13161 -1.99201 0.78974 0.95992 0.00419 0.00479 -0.00122 -0.00066 2.38346205e+07
0.08759 0.00102 0.37720 -1.99201 0.78974 0.95992 0.00419 0.00479 -0.00122 -0.00066 2.36398539e+07
0.08759 0.00102 -0.37720 -1.99201 0.78974 0.95992 0.00419 0.00479 -0.00122 -0.00066 2.35181242e+07
0.08759 0.00102 -1.13161 -1.99201 0.78974 0.95992 0.00419 0.00479 -0.00122 -0.00066 2.39806958e+07
0.08759 0.00102 -1.88602 -1.99201 0.78974 0.95992 0.00419 0.00479 -0.00122 -0.00066 2.25686355e+07
0.08759 0.00102 -2.64042 -1.99201 0.78974 0.95992 0.00419 0.00479 -0.00122 -0.00066 2.48814933e+07
0.08759 0.00102 -3.39483 -1.99201 0.78974 0.95992 0.00419 0.00479 -0.00122 -0.00066 2.20330254e+07
0.08759 0.00102 -4.14923 -1.99201 0.78974 0.95992 0.00419 0.00479 -0.00122 -0.00066 2.29825142e+07
0.08759 0.00102 -4.90364 -1.99201 0.78974 0.95992 0.00419 0.00479 -0.00122 -0.00066 2.08887685e+07
0.08435 0.00099 -4.63036 1.36071 0.80716 0.98573 0.00457 0.00513 -0.00122 -0.00062 1.80102392e+07
0.08435 0.00099 -3.85863 1.36071 0.80716 0.98573 0.00457 0.00513 -0.00122 -0.00062 1.76547732e+07
0.08435 0.00099 -3.08691 1.36071 0.80716 0.98573 0.00457 0.00513 -0.00122 -0.00062 1.67068668e+07
0.08435 0.00099 -2.31518 1.36071 0.80716 0.98573 0.00457 0.00513 -0.00122 -0.00062 1.91951229e+07
0.08435 0.00099 -1.54345 1.36071 0.80716 0.98573 0.00457 0.00513 -0.00122 -0.00062 1.59485414e+07
0.08435 0.00099 -0.77173 1.36071 0.80716 0.98573 0.00457 0.00513 -0.00122 -0.00062 1.84604950e+07
0.08435 0.00099 0.00000 1.36071 0.80716 0.98573 0.00457 0.00513 -0.00122 -0.00062 1.61855173e+07
0.08435 0.00099 0.77173 1.36071 0.80716 0.98573 0.00457 0.00513 -0.00122 -0.00062 1.83894027e+07
0.08435 0.00099 1.54345 1.36071 0.80716 0.98573 0.00457 0.00513 -0.00122 -0.00062 1.59485414e+07
0.08435 0.00099 2.31518 1.36071 0.80716 0.98573 0.00457 0.00513 -0.00122 -0.00062 1.87922620e+07
0.08435 0.00099 3.08691 1.36071 0.80716 0.98573 0.00457 0.00513 -0.00122 -0.00062 1.68016581e+07
0.08435 0.00099 3.85863 1.36071 0.80716 0.98573 0.00457 0.00513 -0.00122 -0.00062 1.71571226e+07
0.08435 0.00099 4.63036 1.36071 0.80716 0.98573 0.00457 0.00513 -0.00122 -0.00062 1.91477281e+07
0.08435 0.00099 5.78795 0.68036 0.80716 0.98573 0.00457 0.00513 -0.00122 -0.00062 4.73953678e+06
0.08435 0.00099 5.01622 0.68036 0.80716 0.98573 0.00457 0.00513 -0.00122 -0.00062 1.00122709e+08
0.08435 0.00099 4.24450 0.68036 0.80716 0.98573 0.00457 0.00513 -0.00122 -0.00062 9.32977760e+07
0.08435 0.00099 3.47277 0.68036 0.80716 0.98573 0.00457 0.00513 -0.00122 -0.00062 8.53827520e+07
0.08435 0.00099 2.70104 0.68036 0.80716 0.98573 0.00457 0.00513 -0.00122 -0.00062 8.72074709e+07
0.08435 0.00099 1.92932 0.68036 0.80716 0.98573 0.00457 0.00513 -0.00122 -0.00062 8.75866359e+07
0.08435 0.00099 1.15759 0.68036 0.80716 0.98573 0.00457 0.00513 -0.00122 -0.00062 8.42689590e+07
0.08435 0.00099 0.38586 0.68036 0.80716 0.98573 0.00457 0.00513 -0.00122 -0.00062 8.69467976e+07
0.08435 0.00099 -0.38586 0.68036 0.80716 0.98573 0.00457 0.00513 -0.00122 -0.00062 8.74681503e+07
0.08435 0.00099 -1.15759 0.68036 0.80716 0.98573 0.00457 0.00513 -0.00122 -0.00062 8.41741693e+07
0.08435 0.00099 -1.92932 0.68036 0.80716 0.98573 0.00457 0.00513 -0.00122 -0.00062 8.78947071e+07
0.08435 0.00099 -2.70104 0.68036 0.80716 0.98573 0.00457 0.00513 -0.00122 -0.00062 8.66150306e+07
0.08435 0.00099 -3.47277 0.68036 0.80716 0.98573 0.00457 0.00513 -0.00122 -0.00062 8.57856129e+07
0.08435 0.00099 -4.24450 0.68036 0.80716 0.98573 0.00457 0.00513 -0.00122 -0.00062 9.46248505e+07
0.08435 0.00099 -5.01622 0.68036 0.80716 0.98573 0.00457 0.00513 -0.00122 -0.00062 9.97909421e+07
0.08435 0.00099 -5.78795 0.68036 0.80716 0.98573 0.00457 0.00513 -0.00122 -0.00062 4.73953678e+06
0.08435 0.00099 -5.40209 -0.00000 0.80716 0.98573 0.00457 0.00513 -0.00122 -0.00062 4.85091569e+07
0.08435 0.00099 -4.63036 -0.00000 0.80716 0.98573 0.00457 0.00513 -0.00122 -0.00062 5.38885331e+07
0.08435 0.00099 -3.85863 -0.00000 0.80716 0.98573 0.00457 0.00513 -0.00122 -0.00062 3.84850387e+07
0.08435 0.00099 -3.08691 -0.00000 0.80716 0.98573 0.00457 0.00513 -0.00122 -0.00062 5.20401122e+07
0.08435 0.00099 -2.31518 -0.00000 0.80716 0.98573 0.00457 0.00513 -0.00122 -0.00062 4.85328559e+07
0.08435 0.00099 -1.54345 -0.00000 0.80716 0.98573 0.00457 0.00513 -0.00122 -0.00062 4.53099687e+07
0.08435 0.00099 -0.77173 -0.00000 0.80716 0.98573 0.00457 0.00513 -0.00122 -0.00062 5.06419501e+07
0.08435 0.00099 0.00000 -0.00000 0.80716 0.98573 0.00457 0.00513 -0.00122 -0.00062 4.27980167e+07
0.08435 0.00099 0.77173 -0.00000 0.80716 0.98573 0.00457 0.00513 -0.00122 -0.00062 5.09026233e+07
0.08435 0.00099 1.54345 -0.00000 0.80716 0.98573 0.00457 0.00513 -0.00122 -0.00062 4.54995512e+07
0.08435 0.00099 2.31518 -0.00000 0.80716 0.98573 0.00457 0.00513 -0.00122 -0.00062 4.92200890e+07
0.08435 0.00099 3.08691 -0.00000 0.80716 0.98573 0.00457 0.00513 -0.00122 -0.00062 5.14476688e+07
0.08435 0.00099 3.85863 -0.00000 0.80716 0.98573 0.00457 0.00513 -0.00122 -0.00062 4.08311071e+07
0.08435 0.00099 4.63036 -0.00000 0.80716 0.98573 0.00457 0.00513 -0.00122 -0.00062 5.45283714e+07
0.08435 0.00099 5.40209 -0.00000 0.80716 0.98573 0.00457 0.00513 -0.00122 -0.00062 4.77982279e+07
0.08435 0.00099 5.78795 -0.68036 0.80716 0.98573 0.00457 0.00513 -0.00122 -0.00062 7.29888632e+06
0.08435 0.00099 5.01622 -0.68036 0.80716 0.98573 0.00457 0.00513 -0.00122 -0.00062 9.75159644e+07
0.08435 0.00099 4.24450 -0.68036 0.80716 0.98573 0.00457 0.00513 -0.00122 -0.00062 4.25373404e+07
0.08435 0.00099 3.47277 -0.68036 0.80716 0.98573 0.00457 0.00513 -0.00122 -0.00062 7.47898893e+07
0.08435 0.00099 2.70104 -0.68036 0.80716 0.98573 0.00457 0.00513 -0.00122 -0.00062 5.58554396e+07
0.08435 0.00099 1.92932 -0.68036 0.80716 0.98573 0.00457 0.00513 -0.00122 -0.00062 6.56899785e+07
0.08435 0.00099 1.15759 -0.68036 0.80716 0.98573 0.00457 0.00513 -0.00122 -0.00062 5.86991618e+07
0.08435 0.00099 0.38586 -0.68036 0.80716 0.98573 0.00457 0.00513 -0.00122 -0.00062 6.11400230e+07
0.08435 0.00099 -0.38586 -0.68036 0.80716 0.98573 0.00457 0.00513 -0.00122 -0.00062 6.06423724e+07
0.08435 0.00099 -1.15759 -0.68036 0.80716 0.98573 0.00457 0.00513 -0.00122 -0.00062 5.93152980e+07
0.08435 0.00099 -1.92932 -0.68036 0.80716 0.98573 0.00457 0.00513 -0.00122 -0.00062 6.63535126e+07
0.08435 0.00099 -2.70104 -0.68036 0.80716 0.98573 0.00457 0.00513 -0.00122 -0.00062 5.80593235e+07
0.08435 0.00099 -3.47277 -0.68036 0.80716 0.98573 0.00457 0.00513 -0.00122 -0.00062 7.50742584e+07
0.08435 0.00099 -4.24450 -0.68036 0.80716 0.98573 0.00457 0.00513 -0.00122 -0.00062 4.61867843e+07
0.08435 0.00099 -5.01622 -0.68036 0.80716 0.98573 0.00457 0.00513 -0.00122 -0.00062 9.85586636e+07
0.08435 0.00099 -5.78795 -0.68036 0.80716 0.98573 0.00457 0.00513 -0.00122 -0.00062 7.25149070e+06
0.08435 0.00099 -5.40209 -1.36071 0.80716 0.98573 0.00457 0.00513 -0.00122 -0.00062 3.18259891e+07
0.08435 0.00099 -4.63036 -1.36071 0.80716 0.98573 0.00457 0.00513 -0.00122 -0.00062 9.58571291e+07
0.08435 0.00099 -3.85863 -1.36071 0.80716 0.98573 0.00457 0.00513 -0.00122 -0.00062 7.24438178e+07
0.08435 0.00099 -3.08691 -1.36071 0.80716 0.98573 0.00457 0.00513 -0.00122 -0.00062 7.30599602e+07
0.08435 0.00099 -2.31518 -1.36071 0.80716 0.98573 0.00457 0.00513 -0.00122 -0.00062 7.77520970e+07
0.08435 0.00099 -1.54345 -1.36071 0.80716 0.98573 0.00457 0.00513 -0.00122 -0.00062 7.62354494e+07
0.08435 0.00099 -0.77173 -1.36071 0.80716 0.98573 0.00457 0.00513 -0.00122 -0.00062 8.21124731e+07
0.08435 0.00099 0.00000 -1.36071 0.80716 0.98573 0.00457 0.00513 -0.00122 -0.00062 7.78231909e+07
0.08435 0.00099 0.77173 -1.36071 0.80716 0.98573 0.00457 0.00513 -0.00122 -0.00062 8.14963307e+07
0.08435 0.00099 1.54345 -1.36071 0.80716 0.98573 0.00457 0.00513 -0.00122 -0.00062 7.75151197e+07
0.08435 0.00099 2.31518 -1.36071 0.80716 0.98573 0.00457 0.00513 -0.00122 -0.00062 8.20887772e+07
0.08435 0.00099 3.08691 -1.36071 0.80716 0.98573 0.00457 0.00513 -0.00122 -0.00062 7.64487247e+07
0.08435 0.00099 3.85863 -1.36071 0.80716 0.98573 0.00457 0.00513 -0.00122 -0.00062 7.36760963e+07
0.08435 0.00099 4.63036 -1.36071 0.80716 0.98573 0.00457 0.00513 -0.00122 -0.00062 1.01639363e+08
0.08435 0.00099 5.40209 -1.36071 0.80716 0.98573 0.00457 0.00513 -0.00122 -0.00062 3.54517340e+07
0.08435 0.00099 5.01622 -2.04107 0.80716 0.98573 0.00457 0.00513 -0.00122 -0.00062 4.73953678e+06
0.08435 0.00099 4.24450 -2.04107 0.80716 0.98573 0.00457 0.00513 -0.00122 -0.00062 6.56425836e+06
0.08435 0.00099 3.47277 -2.04107 0.80716 0.98573 0.00457 0.00513 -0.00122 -0.00062 8.31788650e+06
0.08435 0.00099 2.70104 -2.04107 0.80716 0.98573 0.00457 0.00513 -0.00122 -0.00062 7.32258375e+06
0.08435 0.00099 1.92932 -2.04107 0.80716 0.98573 0.00457 0.00513 -0.00122 -0.00062 7.93872381e+06
0.08435 0.00099 1.15759 -2.04107 0.80716 0.98573 0.00457 0.00513 -0.00122 -0.00062 7.91502638e+06
0.08435 0.00099 0.38586 -2.04107 0.80716 0.98573 0.00457 0.00513 -0.00122 -0.00062 7.86763075e+06
0.08435 0.00099 -0.38586 -2.04107 0.80716 0.98573 0.00457 0.00513 -0.00122 -0.00062 7.55956111e+06
0.08435 0.00099 -1.15759 -2.04107 0.80716 0.98573 0.00457 0.00513 -0.00122 -0.00062 8.19939859e+06
0.08435 0.00099 -1.92932 -2.04107 0.80716 0.98573 0.00457 0.00513 -0.00122 -0.00062 7.44107243e+06
0.08435 0.00099 -2.70104 -2.04107 0.80716 0.98573 0.00457 0.00513 -0.00122 -0.00062 7.29888632e+06
0.08435 0.00099 -3.47277 -2.04107 0.80716 0.98573 0.00457 0.00513 -0.00122 -0.00062 7.48846806e+06
0.08435 0.00099 -4.24450 -2.04107 0.80716 0.98573 0.00457 0.00513 -0.00122 -0.00062 6.01921136e+06
